Date	Depth	NH4	Nitrit	Nitrate	Norg_par	Norg_dis	Ntot	Oxygen
06-Jun-10	1	0.006	0.012	0.038	0.18	0.174	0.41	9.3
06-Jun-10	3	0.008	0.013	0.039	0.14	0.18	0.38	9.5
06-Jun-10	5	0.008	0.014	0.043	0.22	0.155	0.44	9.2
06-Jun-10	10	0.009	0.017	0.053	0.2	0.141	0.42	8.4
06-Jun-10	15	0.026	0.022	0.068	0.17	0.164	0.45	7.7
06-Jun-10	16	0.049	0.04	0.075	0.17	0.156	0.49	3.7
06-Jun-10	17	0.07	0.042	0.059	0.09	0.169	0.43	2.4
06-Jun-10	20	0.098	0.023	0.036	0.17	0.123	0.45	2.4
06-Jun-10	25	0.207	0.002	0.006	0.01	0.175	0.4	0.1
06-Jun-10	30	0.393	0.002	-	0	0.185	0.58	0.1
06-Jun-10	35	0.494	0.002	-	0.03	0.184	0.71	0.1
13-Jun-10	1	0.023	0.013	0.022	0.06	0.222	0.34	9.4
13-Jun-10	3	0.017	0.014	0.019	0.04	0.21	0.3	9.4
13-Jun-10	5	0.009	0.013	0.016	0.1	0.172	0.31	9.5
13-Jun-10	10	0.014	0.014	0.022	0.07	0.21	0.33	9.2
13-Jun-10	13	0.021	0.016	0.033	0.01	0.22	0.3	8.5
13-Jun-10	14	0.016	0.017	0.038	0.07	0.169	0.31	8.3
13-Jun-10	15	0.067	0.025	0.043	0.07	0.195	0.4	5.1
13-Jun-10	16	0.098	0.016	0.03	0.06	0.166	0.37	3.5
13-Jun-10	20	0.197	0.002	0.01	0.01	0.161	0.38	0.5
13-Jun-10	25	0.229	0.002	0.006	0	0.123	0.36	-
13-Jun-10	30	0.407	0.002	-	0	0.121	0.53	-
13-Jun-10	35	0.608	0.002	-	0.03	0.17	0.81	-
20-Jun-10	1	0.008	0.005	0.01	0.11	0.147	0.28	9.9
20-Jun-10	3	0.01	0.005	0.008	0.14	0.157	0.32	8.7
20-Jun-10	5	0.008	0.005	0.008	0.04	0.199	0.26	8.9
20-Jun-10	10	0.008	0.005	0.012	0.06	0.175	0.26	8.6
20-Jun-10	13	0.016	0.005	0.012	0.15	0.137	0.32	8
20-Jun-10	14	0.021	0.008	0.013	0.11	0.188	0.34	6.5
20-Jun-10	15	0.052	0.008	0.019	0.06	0.181	0.32	5.3
20-Jun-10	20	0.234	0.002	0.01	0.03	0.124	0.4	0.3
20-Jun-10	25	0.392	0.002	-	0.07	0.166	0.63	0.1
20-Jun-10	30	0.563	0.002	-	0.155	0	0.72	0.1
20-Jun-10	35	0.588	0.002	-	0.1	0.09	0.78	0.1
27-Jun-10	1	0.035	0.003	0.011	0.09	0.171	0.31	6.8
27-Jun-10	3	0.036	0.003	0.011	0.1	0.18	0.33	7.1
27-Jun-10	5	0.038	0.003	0.012	0.07	0.187	0.31	7.5
27-Jun-10	10	0.031	0.003	0.012	0.09	0.194	0.33	6.7
27-Jun-10	15	0.041	0.003	0.012	0.09	0.194	0.34	6.5
27-Jun-10	16	0.153	0.003	0.013	0.08	0.191	0.44	1.2
27-Jun-10	17	0.138	0.002	0.009	0.06	0.191	0.4	2.8
27-Jun-10	18	0.226	0.002	0.009	0.09	0.203	0.53	0.1
27-Jun-10	20	0.254	0.002	0.009	0.03	0.195	0.49	0.1
27-Jun-10	25	0.321	0.002	-	0.01	0.177	0.51	0.1
27-Jun-10	30	0.522	0.002	-	0.06	0.246	0.83	0.1
27-Jun-10	35	0.565	0.002	-	0.01	0.253	0.83	0.1
04-Jul-10	1	0.027	0.003	0.014	0.03	0.196	0.27	8.1
04-Jul-10	3	0.021	0.003	0.013	0.06	0.183	0.28	7.4
04-Jul-10	5	0.026	0.002	0.014	0.07	0.188	0.3	7.7
04-Jul-10	10	0.041	0.002	0.022	0.04	0.175	0.28	6.8
04-Jul-10	15	0.078	0.003	0.022	0.08	0.177	0.36	4.9
04-Jul-10	16	0.11	0.003	0.018	0.06	0.189	0.38	4
04-Jul-10	17	0.17	0.002	0.005	0.08	0.193	0.45	0.5
04-Jul-10	18	0.16	0.002	0.01	0.06	0.228	0.46	1
04-Jul-10	20	0.26	0.002	-	0	0.228	0.49	0.1
04-Jul-10	25	0.43	0.002	-	0.02	0.178	0.63	0.1
04-Jul-10	30	0.576	0.002	-	0.03	0.232	0.84	0.1
04-Jul-10	35	0.69	0.002	-	0.03	0.258	0.98	0.1
11-Jul-10	1	0.02	0.002	0.009	0.03	0.169	0.23	9
11-Jul-10	3	0.009	0.002	-	0.07	0.179	0.26	8.9
11-Jul-10	5	0.008	0.002	-	0.06	0.19	0.26	8.7
11-Jul-10	10	0.005	0.002	-	0.16	0.163	0.33	8.6
11-Jul-10	15	0.027	0.002	0.006	0.05	0.165	0.25	4.8
11-Jul-10	16	0.092	0.002	0.005	0.09	0.171	0.36	1.4
11-Jul-10	17	0.217	0.002	0.007	0.02	0.204	0.45	0.1
11-Jul-10	18	0.252	0.002	0.007	0.06	0.229	0.55	0.1
11-Jul-10	20	0.345	0.002	-	0.04	0.173	0.56	0.1
11-Jul-10	25	0.35	0.002	-	0.07	0.148	0.57	0.1
11-Jul-10	30	0.722	0.002	-	0.05	0.136	0.91	0.1
11-Jul-10	35	0.846	0.002	-	0.03	0.152	1.03	0.1
18-Jul-10	1	0.011	0.002	0.026	0.02	0.141	0.2	7.3
18-Jul-10	3	0.011	0.002	0.011	0.02	0.166	0.21	7.3
18-Jul-10	5	0.008	0.002	0.01	0.04	0.16	0.22	7
18-Jul-10	10	0.007	0.002	0.011	0.04	0.19	0.25	7.3
18-Jul-10	15	0.023	0.002	0.012	0.06	0.123	0.22	6
18-Jul-10	18	0.15	0.002	0.021	0.02	0.157	0.35	1.8
18-Jul-10	19	0.423	0.002	-	0.05	0.175	0.65	0.1
18-Jul-10	20	0.277	0.002	-	0	0.191	0.47	0.1
18-Jul-10	25	0.536	0.002	-	0.02	0.212	0.77	0.1
18-Jul-10	30	0.67	0.002	-	0.04	0.168	0.88	0.1
18-Jul-10	35	0.826	0.002	-	0.04	0.202	1.07	0.1
25-Jul-10	1	0.012	0.002	-	0.04	0.186	0.24	7.2
25-Jul-10	3	0.021	0.002	0.006	0.15	0.161	0.34	6.9
25-Jul-10	5	0.017	0.002	0.006	0.07	0.135	0.23	6.7
25-Jul-10	10	0.014	0.002	0.009	0	0.195	0.22	6.6
25-Jul-10	15	0.02	0.002	0.008	0.04	0.15	0.22	6.4
25-Jul-10	16	0.06	0.002	0.009	0.05	0.129	0.25	5
25-Jul-10	17	0.073	0.002	0.009	0.07	0.096	0.25	4
25-Jul-10	18	0.234	0.002	0.007	0.09	0.147	0.48	0.1
25-Jul-10	20	0.283	0.002	0.007	0.07	0.128	0.49	0.1
25-Jul-10	25	0.569	0.002	-	0	0.149	0.72	0.1
25-Jul-10	30	0.605	0.002	-	0.05	0.123	0.78	0.1
25-Jul-10	35	0.882	0.002	-	0	0.146	1.03	0.1
01-Aug-10	1	0.008	0.002	0.007	0.16	0.123	0.3	8.1
01-Aug-10	3	0.01	0.002	0.012	0.12	0.116	0.26	8.2
01-Aug-10	5	0.006	0.002	0.005	0.16	0.097	0.27	7.8
01-Aug-10	10	0.006	0.002	0.007	0.15	0.095	0.26	6.7
01-Aug-10	15	0.022	0.002	0.015	0.09	0.121	0.25	5.7
01-Aug-10	17	0.061	0.002	0.01	0.1	0.127	0.3	4
01-Aug-10	18	0.142	0.002	0.009	0.1	0.127	0.38	0.7
01-Aug-10	19	0.225	0.002	0.006	0.13	0.127	0.49	0.1
01-Aug-10	20	0.281	0.002	0.005	0.11	0.112	0.51	0.1
01-Aug-10	25	0.539	0.002	-	0.1	0.089	0.73	0.1
01-Aug-10	30	0.859	0.002	-	0.09	0.209	1.16	0.1
01-Aug-10	35	0.922	0.002	-	0.11	0.176	1.21	0.1
08-Aug-10	1	0.081	0.002	0.004	0	0.163	0.25	8.3
08-Aug-10	3	0.01	0.002	-	0.04	0.158	0.21	8.2
08-Aug-10	5	0.012	0.002	-	0.07	0.136	0.22	8.3
08-Aug-10	10	0.012	0.002	0.005	0.04	0.151	0.21	8.3
08-Aug-10	15	0.019	0.002	0.005	0.07	0.124	0.22	5.3
08-Aug-10	17	0.046	0.002	0.005	0.04	0.147	0.24	3.3
08-Aug-10	18	0.077	0.002	0.005	0.06	0.116	0.26	2
08-Aug-10	19	0.255	0.002	-	0.04	0.123	0.42	0.1
08-Aug-10	20	0.229	0.002	-	0.17	0.079	0.48	0.1
08-Aug-10	25	0.644	0.002	-	0.06	0.144	0.85	0.1
08-Aug-10	30	0.916	0.002	-	0	0.172	1.09	0.1
08-Aug-10	35	1.04	0.002	-	0.18	0.128	1.35	0.1
15-Aug-10	1	0.014	0.002	0.025	0	0.119	0.16	8
15-Aug-10	3	0.01	0.002	0.008	0.04	0.13	0.19	8
15-Aug-10	5	0.007	0.002	0.007	0.07	0.084	0.17	7.7
15-Aug-10	10	0.008	0.002	0.009	0.09	0.081	0.19	7.6
15-Aug-10	15	0.005	0.002	0.007	0.06	0.086	0.16	6.9
15-Aug-10	16	0.005	0.002	0.009	0.07	0.084	0.17	4.2
15-Aug-10	17	0.034	0.002	0.006	0.16	0.058	0.26	2.2
15-Aug-10	18	0.154	0.002	0.008	0.24	0.056	0.46	0.5
15-Aug-10	20	0.447	0.002	0.006	0.19	0.025	0.67	0.1
15-Aug-10	25	0.701	0.002	-	0.167	0	0.87	0.1
15-Aug-10	30	1	0.002	-	0.128	0	1.13	0.1
15-Aug-10	35	1.19	0.002	-	0.208	0	1.4	0.1
22-Aug-10	1	0.022	0.002	-	0	0.246	0.27	7.7
22-Aug-10	3	0.013	0.002	-	0.02	0.235	0.27	7
22-Aug-10	5	0.019	0.002	-	0	0.219	0.24	7.6
22-Aug-10	10	0.024	0.002	-	0.03	0.224	0.28	6.3
22-Aug-10	15	0.023	0.002	-	0.06	0.205	0.29	-
22-Aug-10	16	0.026	0.002	-	0	0.212	0.24	1.2
22-Aug-10	17	0.096	0.002	-	0.1	0.202	0.4	0.5
22-Aug-10	18	0.054	0.002	-	0.05	0.244	0.35	0.3
22-Aug-10	20	0.398	0.002	-	0.04	0.19	0.63	0.1
22-Aug-10	25	0.644	0.002	-	0	0.164	0.81	0.1
22-Aug-10	30	0.737	0.002	-	0.13	0.151	1.02	0.1
22-Aug-10	35	1.24	0.002	-	0.08	0.168	1.49	0.1
29-Aug-10	1	0.014	0.002	0.018	0.11	0.136	0.28	6.9
29-Aug-10	3	0.008	0.002	0.016	0.1	0.144	0.27	6.7
29-Aug-10	5	0.009	0.002	0.017	0.11	0.132	0.27	6.6
29-Aug-10	10	0.005	0.002	0.014	0.13	0.179	0.33	6.6
29-Aug-10	15	0.005	0.002	0.014	0.14	0.169	0.33	4.8
29-Aug-10	16	0.035	0.002	0.012	0.1	0.231	0.38	0.7
29-Aug-10	17	0.032	0.002	0.014	0.11	0.182	0.34	0.2
29-Aug-10	20	0.118	0.002	-	0.13	0.43	0.68	0.1
29-Aug-10	25	0.2	0.002	-	0.07	0.698	0.97	0.1
29-Aug-10	30	0.379	0.002	-	0.28	0.899	1.56	0.1
29-Aug-10	35	0.518	0.002	-	0.11	0.93	1.56	0.1
05-Sep-10	1	0.015	0.002	0.008	0	0.245	0.27	7.2
05-Sep-10	3	0.012	0.002	0.01	0.04	0.256	0.32	7
05-Sep-10	5	0.011	0.002	0.008	0.04	0.189	0.25	7.1
05-Sep-10	10	0.019	0.002	0.009	0.02	0.18	0.23	6.7
05-Sep-10	15	0.105	0.002	0.009	0.14	0.194	0.45	0.1
05-Sep-10	16	0.041	0.002	0.009	0.09	0.218	0.36	2.9
05-Sep-10	17	0.127	0.002	0.012	0.08	0.239	0.46	0.2
05-Sep-10	20	0.346	0.002	-	0.1	0.272	0.72	0.1
05-Sep-10	25	0.838	0.002	-	0	0.22	1.06	0.1
05-Sep-10	30	1.06	0.002	-	0.29	0.288	1.64	0.1
05-Sep-10	35	1.37	0.002	-	0.17	0.258	1.8	0.1
12-Sep-10	1	0.004	0.002	-	0.09	0.164	0.26	6.7
12-Sep-10	3	0.012	0.002	0.007	0.07	0.269	0.36	6.8
12-Sep-10	5	0.006	0.002	-	0.01	0.202	0.22	6.8
12-Sep-10	10	0.007	0.002	-	0.08	0.171	0.26	6.7
12-Sep-10	14	0.011	0.002	-	0.05	0.147	0.21	6.4
12-Sep-10	15	0.024	0.002	-	0.02	0.184	0.23	3.3
12-Sep-10	16	0.06	0.002	-	0.09	0.158	0.31	2.6
12-Sep-10	20	0.36	0.002	-	0.23	0.228	0.82	0.1
12-Sep-10	25	0.651	0.002	-	0.01	0.297	0.96	0.1
12-Sep-10	30	0.942	0.002	-	0.04	0.376	1.36	0.1
12-Sep-10	35	1.44	0.002	-	0.19	0.248	1.88	0.1
19-Sep-10	1	0.15	0.002	0.006	0	0.182	0.34	6.9
19-Sep-10	3	0.016	0.002	0.004	0.07	0.218	0.31	6.9
19-Sep-10	5	0.027	0.002	0.004	0.11	0.207	0.35	6.9
19-Sep-10	10	0.04	0.002	0.005	0.11	0.163	0.32	-
19-Sep-10	15	0.032	0.002	0.004	0.12	0.172	0.33	6.7
19-Sep-10	16	0.054	0.002	0.005	0.14	0.189	0.39	3.3
19-Sep-10	17	0.093	0.002	0.005	0.07	0.25	0.42	3.3
19-Sep-10	20	0.49	0.002	-	0.14	0.218	0.85	0.1
19-Sep-10	25	0.83	0.002	-	0.04	0.188	1.06	0.1
19-Sep-10	30	1.16	0.002	-	0.03	0.188	1.38	0.1
19-Sep-10	35	1.43	0.0124	-	0.05	0.0376	1.53	0.1
03-Oct-10	1	0.078	0.002	0.013	0	0.237	0.33	6.9
03-Oct-10	3	0.013	0.002	0.012	0.02	0.203	0.25	8.2
03-Oct-10	5	0.009	0.002	0.013	0.08	0.206	0.31	8.2
03-Oct-10	10	0.011	0.002	0.014	0.06	0.203	0.29	7.4
03-Oct-10	15	0.067	0.002	0.032	0.25	0.219	0.57	4.1
03-Oct-10	17	0.112	0.002	0.029	0.06	0.217	0.42	2.7
03-Oct-10	18	0.159	0.002	0.013	0.1	0.176	0.45	0.2
03-Oct-10	19	0.186	0.002	0.014	0.08	0.258	0.54	0.8
03-Oct-10	20	0.192	0.002	0.013	0.14	0.243	0.59	0.1
03-Oct-10	25	0.771	0.002	-	0.09	0.247	1.11	0.1
03-Oct-10	30	1.14	0.002	-	0.08	0.228	1.45	0.1
03-Oct-10	35	1.52	0.002	-	0.19	0.218	1.93	0.1
10-Oct-10	1	0.014	0.002	0.013	0.1	0.141	0.27	7.1
10-Oct-10	3	0.012	0.002	0.012	0.09	0.134	0.25	7.3
10-Oct-10	5	0.012	0.002	0.012	0.05	0.164	0.24	7.1
10-Oct-10	10	0.011	0.002	0.01	0.09	0.127	0.24	6.6
10-Oct-10	15	0.012	0.002	0.011	0.47	0.125	0.62	6.9
10-Oct-10	18	0.035	0.002	0.011	0.06	0.162	0.27	3.8
10-Oct-10	19	0.131	0.002	0.005	0.13	0.162	0.43	1.4
10-Oct-10	20	0.392	0.002	-	0.1	0.216	0.71	0.1
10-Oct-10	25	0.822	0.002	-	0.15	0.116	1.09	0.1
10-Oct-10	30	1.23	0.002	-	0.07	0.138	1.44	0.1
10-Oct-10	35	1.81	0.002	-	0.18	0.068	2.06	0.1
17-Oct-10	1	0.144	0.002	0.012	0	0.242	0.4	8.1
17-Oct-10	3	0.02	0.002	0.004	0.04	0.264	0.33	8
17-Oct-10	5	0.013	0.002	0.009	0.09	0.216	0.33	8
17-Oct-10	10	0.015	0.002	0.004	0.02	0.239	0.28	7.7
17-Oct-10	15	0.046	0.002	0.019	0	0.243	0.31	6.3
17-Oct-10	19	0.16	0.002	0.031	0	0.247	0.44	1.9
17-Oct-10	20	0.26	0.002	0.022	0.03	0.276	0.59	0.1
17-Oct-10	21	0.48	0.002	-	0.13	0.258	0.87	0.1
17-Oct-10	25	0.9	0.002	-	0	0.248	1.15	0.1
17-Oct-10	30	1.29	0.002	-	0	0.278	1.57	0.1
17-Oct-10	35	1.67	0.002	-	0.15	0.248	2.07	0.1
24-Oct-10	1	0.019	0.002	0.021	0.08	0.158	0.28	5.9
24-Oct-10	3	0.018	0.002	0.021	0.15	0.129	0.32	6.5
24-Oct-10	5	0.017	0.002	0.019	0.12	0.112	0.27	6.5
24-Oct-10	10	0.023	0.002	0.021	0.24	0.104	0.39	6.3
24-Oct-10	15	0.021	0.002	0.02	0.1	0.097	0.24	6.3
24-Oct-10	19	0.024	0.002	0.022	0.11	0.162	0.32	6.3
24-Oct-10	20	0.098	0.002	0.016	0.37	0.104	0.59	1.7
24-Oct-10	21	0.383	0.002	-	0.11	0.225	0.72	0.1
24-Oct-10	25	0.769	0.004	-	0.41	0.197	1.38	0.1
24-Oct-10	30	1.35	0.002	-	0.33	0.138	1.82	0.1
24-Oct-10	35	1.97	0.002	-	0.21	0.308	2.49	0.1
31-Oct-10	1	0.046	0.002	0.012	0	0.17	0.23	6.2
31-Oct-10	3	0.028	0.002	0.013	0.02	0.147	0.21	6.4
31-Oct-10	5	0.028	0.002	0.013	0.06	0.187	0.29	6.9
31-Oct-10	10	0.032	0.002	0.013	0.06	0.163	0.27	6.8
31-Oct-10	15	0.033	0.002	0.012	0.04	0.143	0.23	6.9
31-Oct-10	18	0.047	0.002	0.012	0.08	0.109	0.25	6.2
31-Oct-10	19	0.15	0.002	0.011	0	0.167	0.33	4.2
31-Oct-10	20	0.612	0.002	-	0.04	0.206	0.86	2.4
31-Oct-10	25	0.831	0.009	-	0.08	0.1	1.02	0.1
31-Oct-10	30	1.1	0.002	-	0.23	0.148	1.48	0.1
31-Oct-10	35	1.54	0.002	-	0.09	0.128	1.76	0.1
07-Nov-10	1	0.037	0.002	0.016	0.03	0.155	0.24	6.3
07-Nov-10	3	0.033	0.002	0.016	0.02	0.169	0.24	6.6
07-Nov-10	5	0.032	0.002	0.014	0.06	0.162	0.27	6.8
07-Nov-10	10	0.033	0.002	0.014	0.02	0.161	0.23	6.3
07-Nov-10	15	0.034	0.002	0.013	0.03	0.161	0.24	4.9
07-Nov-10	20	0.038	0.002	0.014	0.12	0.126	0.3	6.1
07-Nov-10	21	0.342	0.002	-	0.4	0.206	0.95	5.2
07-Nov-10	22	0.659	0.002	-	0.54	0.179	1.38	0.1
07-Nov-10	25	1.14	0.002	-	0.03	0.208	1.38	0.1
07-Nov-10	30	1.3	0.002	-	0.07	0.118	1.49	0.1
07-Nov-10	35	1.51	0.002	-	0.04	0.218	1.77	0.1
15-Nov-10	1	0.041	0.002	0.02	0.09	0.077	0.23	7.6
15-Nov-10	3	0.03	0.002	0.019	0	0.149	0.2	7.6
15-Nov-10	5	0.03	0.002	0.022	0.11	0.106	0.27	7.5
15-Nov-10	10	0.035	0.002	0.021	0.1	0.112	0.27	7.5
15-Nov-10	15	0.052	0.002	0.021	0.06	0.095	0.23	7.3
15-Nov-10	20	0.08	0.002	0.019	0	0.129	0.23	7.1
15-Nov-10	21	0.259	0.002	0.015	0.07	0.104	0.45	5
15-Nov-10	22	0.368	0.002	-	0.26	0.09	0.72	3
15-Nov-10	25	0.915	0.003	-	0	0.122	1.04	0.1
15-Nov-10	30	1.59	0.002	-	0	0	1.59	0.1
15-Nov-10	35	2.33	0.025	-	0.105	0	2.46	0.1
21-Nov-10	1	0.038	0.002	0.048	0	0.122	0.21	7.4
21-Nov-10	3	0.034	0.002	0.043	0.08	0.121	0.28	7
21-Nov-10	5	0.035	0.002	0.043	0.06	0.1	0.24	7.2
21-Nov-10	10	0.037	0.002	0.046	0.01	0.115	0.21	7.1
21-Nov-10	15	0.055	0.002	0.05	0.03	0.133	0.27	7.2
21-Nov-10	20	0.057	0.002	0.054	0.04	0.107	0.26	7
21-Nov-10	21	0.064	0.002	0.056	0.01	0.148	0.28	6.4
21-Nov-10	22	0.307	0.002	-	0.04	0.181	0.53	0.1
21-Nov-10	23	0.604	0.002	-	0.07	0.164	0.84	0.2
21-Nov-10	25	0.809	0.002	-	0.03	0.279	1.12	0.1
21-Nov-10	30	1.44	0.002	-	0	0.388	1.83	0.1
21-Nov-10	35	2.21	0.002	-	0.418	0	2.63	0.1
28-Nov-10	1	0.038	0.003	0.028	0	0.191	0.26	6.8
28-Nov-10	3	0.042	0.002	0.028	0.02	0.168	0.26	7.6
28-Nov-10	5	0.036	0.002	0.026	0.06	0.136	0.26	7.8
28-Nov-10	10	0.039	0.002	0.026	0.03	0.163	0.26	7.4
28-Nov-10	15	0.042	0.002	0.024	0.06	0.132	0.26	7
28-Nov-10	20	0.053	0.002	0.024	0.04	0.171	0.29	7
28-Nov-10	22	0.052	0.002	0.024	0.04	0.162	0.28	7.1
28-Nov-10	23	0.421	0.002	-	0.02	0.337	0.78	3.8
28-Nov-10	24	0.704	0.002	-	0.07	0.234	1.01	0.1
28-Nov-10	25	0.849	0.002	-	0	0.209	1.06	0.1
28-Nov-10	30	1.37	0.002	-	0	0.258	1.63	0.1
28-Nov-10	35	2.03	0.002	-	0.11	0.278	2.42	0.1
05-Dec-10	1	0.087	0.003	0.049	0.04	0.131	0.31	5.7
05-Dec-10	3	0.087	0.002	0.048	0.08	0.113	0.33	6.7
05-Dec-10	5	0.094	0.003	0.045	0.11	0.118	0.37	7.2
05-Dec-10	10	0.095	0.002	0.045	0	0.118	0.26	6.8
05-Dec-10	15	0.09	0.002	0.042	0.07	0.086	0.29	5
05-Dec-10	20	0.088	0.003	0.04	0.13	0.109	0.37	4.7
05-Dec-10	24	0.45	0.002	-	0.27	0.078	0.8	2.5
05-Dec-10	25	0.9	0.002	-	0.32	0.168	1.39	0.1
05-Dec-10	26	1.22	0.002	-	0.25	0.118	1.59	0.1
05-Dec-10	30	1.49	0.002	-	0.21	0.078	1.78	0.1
05-Dec-10	35	2.41	0.002	-	0.018	0	2.43	0.1
14-Dec-10	1	0.163	0.003	0.046	0.22	0.178	0.61	7
14-Dec-10	3	0.175	0.003	0.044	0.06	0.268	0.55	5.8
14-Dec-10	5	0.177	0.003	0.044	0.01	0.266	0.5	6.3
14-Dec-10	10	0.195	0.003	0.042	0.05	0.26	0.55	-
14-Dec-10	15	0.2	0.002	0.041	0.03	0.257	0.53	6
14-Dec-10	20	0.137	0.003	0.044	0	0.286	0.47	7.3
14-Dec-10	25	0.35	0.002	0.034	0.09	0.194	0.67	3.2
14-Dec-10	30	0.215	0.002	0.043	0.08	0.2	0.54	6.3
14-Dec-10	35	0.207	0.003	0.042	0.1	0.258	0.61	5.4
19-Dec-10	1	0.181	0.004	0.057	0.05	0.148	0.44	6.5
19-Dec-10	3	0.189	0.004	0.052	0.05	0.155	0.45	6.5
19-Dec-10	5	0.183	0.004	0.05	0.07	0.153	0.46	6.3
19-Dec-10	10	0.193	0.003	0.053	0.07	0.151	0.47	6.1
19-Dec-10	15	0.186	0.003	0.052	0.08	0.129	0.45	6
19-Dec-10	20	0.188	0.004	0.051	0.09	0.217	0.55	6.2
19-Dec-10	25	0.188	0.003	0.05	0.13	0.159	0.53	6.3
19-Dec-10	28	0.213	0.004	0.049	0.03	0.244	0.54	5.5
19-Dec-10	29	0.259	0.004	0.039	0.15	0.258	0.71	4
19-Dec-10	30	0.453	0.002	0.018	0.1	0.167	0.74	1.7
19-Dec-10	35	2.54	0.002	-	0.35	0.078	2.97	0.1
26-Dec-10	1	0.369	0.004	0.054	0.01	0.193	0.63	5
26-Dec-10	3	0.191	0.004	0.052	0.08	0.203	0.53	6.9
26-Dec-10	5	0.192	0.004	0.054	0.03	0.25	0.53	-
26-Dec-10	10	0.194	0.004	0.053	0.03	0.219	0.5	6.8
26-Dec-10	15	0.202	0.004	0.054	0.07	0.21	0.54	6.5
26-Dec-10	20	0.206	0.005	0.055	0.08	0.194	0.54	6.3
26-Dec-10	25	0.217	0.004	0.058	0	0.221	0.5	5.9
26-Dec-10	30	0.221	0.004	0.06	0	0.225	0.51	6.1
26-Dec-10	32	0.212	0.004	0.059	0.07	0.175	0.52	6.6
26-Dec-10	33	1.45	0.007	-	0.08	0.253	1.79	0.1
26-Dec-10	34	1.97	0.018	-	0.14	0.352	2.48	0.1
26-Dec-10	35	2.47	0.014	-	0.34	0.106	2.93	0.1
02-Jan-11	1	0.221	0.004	0.068	0.15	0.157	0.6	5.5
02-Jan-11	3	0.224	0.005	0.07	0.14	0.151	0.59	5.6
02-Jan-11	5	0.222	0.004	0.067	0.13	0.147	0.57	7
02-Jan-11	10	0.226	0.005	0.073	0.17	0.126	0.6	6.7
02-Jan-11	15	0.226	0.005	0.065	0.16	0.134	0.59	5.9
02-Jan-11	20	0.248	0.004	0.073	0.09	0.165	0.58	6.3
02-Jan-11	25	0.214	0.004	0.062	0.11	0.16	0.55	6.8
02-Jan-11	30	0.22	0.005	0.071	0.11	0.144	0.55	6.8
02-Jan-11	34	0.228	0.005	0.074	0.14	0.143	0.59	6.1
02-Jan-11	35	1.43	0.002	-	0	0.068	1.5	0.7
09-Jan-11	1	0.294	0.004	0.065	0.06	0.267	0.69	5.1
09-Jan-11	3	0.306	0.004	0.062	0	0.218	0.59	5.5
09-Jan-11	5	0.306	0.006	0.06	0.07	0.188	0.63	5.2
09-Jan-11	10	0.31	0.004	0.065	0.05	0.201	0.63	5.5
09-Jan-11	15	0.316	0.004	0.06	0.06	0.21	0.65	5.4
09-Jan-11	20	0.314	0.005	0.064	0	0.227	0.61	5.4
09-Jan-11	25	0.32	0.005	0.064	0.01	0.221	0.62	5.3
09-Jan-11	30	0.33	0.004	0.063	0.15	0.163	0.71	5.4
09-Jan-11	35	0.355	0.004	0.063	0.08	0.228	0.73	3.6
16-Jan-11	1	0.217	0.005	0.091	0.12	0.197	0.63	5.1
16-Jan-11	3	0.216	0.005	0.09	0.18	0.189	0.68	5.4
16-Jan-11	5	0.215	0.005	0.089	0.1	0.241	0.65	-
16-Jan-11	10	0.215	0.006	0.089	0.1	0.24	0.65	6.6
16-Jan-11	15	0.219	0.006	0.089	0.13	0.216	0.66	6.7
16-Jan-11	20	0.217	0.006	0.092	0.13	0.225	0.67	4.5
16-Jan-11	25	0.21	0.005	0.089	0.13	0.226	0.66	6.8
16-Jan-11	30	0.242	0.005	0.09	0.05	0.243	0.63	3.7
16-Jan-11	35	0.262	0.005	0.083	0.09	0.27	0.71	2.7
23-Jan-11	1	0.253	0.005	0.092	0.01	0.16	0.52	8
23-Jan-11	3	0.244	0.005	0.091	0.03	0.15	0.52	8.1
23-Jan-11	5	0.252	0.005	0.091	0.02	0.122	0.49	7.9
23-Jan-11	10	0.247	0.005	0.095	0	0.163	0.51	7.9
23-Jan-11	15	0.255	0.005	0.091	0	0.159	0.51	7.9
23-Jan-11	20	0.251	0.005	0.09	0	0.184	0.53	7.9
23-Jan-11	25	0.261	0.005	0.094	0.1	0.15	0.61	8
23-Jan-11	30	0.358	0.005	0.09	0.01	0.067	0.53	8
23-Jan-11	35	0.251	0.005	0.098	0	0.186	0.54	8.1
30-Jan-11	1	0.222	0.006	0.097	0.07	0.335	0.73	8.8
30-Jan-11	3	0.217	0.006	0.095	0.08	0.262	0.66	7.9
30-Jan-11	5	0.221	0.007	0.093	0.11	0.209	0.64	8
30-Jan-11	10	0.224	0.006	0.097	0.06	0.223	0.61	7.7
30-Jan-11	15	0.237	0.007	0.098	0.13	0.218	0.69	8.1
30-Jan-11	20	0.248	0.007	0.102	0.07	0.243	0.67	7.7
30-Jan-11	25	0.234	0.006	0.098	0.11	0.172	0.62	7.9
30-Jan-11	30	0.237	0.006	0.094	0.1	0.213	0.65	6.5
30-Jan-11	35	0.288	0.006	0.087	0.07	0.219	0.67	6.3
06-Feb-11	1	0.256	0.007	0.095	0.27	0.002	0.63	7.6
06-Feb-11	3	0.246	0.007	0.096	0.32	0.001	0.67	7.5
06-Feb-11	5	0.257	0.007	0.097	0.269	0	0.63	7.4
06-Feb-11	10	0.246	0.007	0.095	0.232	0	0.58	7
06-Feb-11	15	0.25	0.007	0.097	0.2	0.036	0.59	7.2
06-Feb-11	20	0.245	0.007	0.1	0.258	0	0.61	7.1
06-Feb-11	25	0.241	0.007	0.097	0.265	0	0.61	6.7
06-Feb-11	30	0.238	0.007	0.096	0.21	0.079	0.63	7.4
06-Feb-11	35	0.236	0.007	0.096	0.321	0	0.66	8.1
13-Feb-11	1	0.212	0.015	0.143	0	0.29	0.66	9.1
13-Feb-11	3	0.211	0.015	0.141	0.02	0.343	0.73	7.6
13-Feb-11	5	0.216	0.015	0.138	0.01	0.351	0.73	8.9
13-Feb-11	10	0.231	0.016	0.128	0.03	0.355	0.76	8.3
13-Feb-11	15	0.233	0.016	0.126	0.02	0.355	0.75	8.2
13-Feb-11	20	0.234	0.017	0.126	0.04	0.253	0.67	7.4
13-Feb-11	25	0.241	0.018	0.12	0.07	0.321	0.77	8
13-Feb-11	30	0.243	0.017	0.119	0.1	0.301	0.78	7.4
13-Feb-11	35	0.247	0.018	0.12	0.18	0.215	0.78	7.9
21-Feb-11	1	0.151	0.105	0.124	0.05	0.18	0.61	7.6
21-Feb-11	3	0.138	0.105	0.122	0.02	0.205	0.59	8.1
21-Feb-11	5	0.142	0.106	0.122	0.04	0.18	0.59	6.8
21-Feb-11	10	0.139	0.106	0.12	0.06	0.165	0.59	7.5
21-Feb-11	15	0.143	0.106	0.123	0.07	0.188	0.63	6.8
21-Feb-11	20	0.141	0.108	0.122	0.09	0.159	0.62	7.8
21-Feb-11	25	0.138	0.108	0.125	0.06	0.199	0.63	6.6
21-Feb-11	30	0.14	0.11	0.127	0.07	0.163	0.61	6.5
21-Feb-11	35	0.13	0.136	0.111	0.1	0.133	0.61	6.6
27-Feb-11	1	0.07	0.159	0.177	0.03	0.244	0.68	7.5
27-Feb-11	3	0.073	0.157	0.174	0.08	0.226	0.71	8.7
27-Feb-11	5	0.074	0.159	0.177	0.04	0.23	0.68	8.6
27-Feb-11	10	0.058	0.183	0.145	0.19	0.194	0.77	8
27-Feb-11	15	0.073	0.168	0.166	0.1	0.193	0.7	7.8
27-Feb-11	20	0.025	0.23	0.126	0.05	0.219	0.65	7.1
27-Feb-11	25	0.02	0.232	0.124	0.07	0.194	0.64	6.6
27-Feb-11	30	0.045	0.206	0.126	0.02	0.213	0.61	7.9
27-Feb-11	35	0.02	0.231	0.124	0.02	0.215	0.61	6.7
06-Mar-11	1	0.006	0.158	0.145	0.13	0.171	0.61	10
06-Mar-11	3	0.006	0.158	0.146	0.13	0.19	0.63	10
06-Mar-11	5	0.005	0.159	0.145	0.12	0.171	0.6	9.9
06-Mar-11	10	0.017	0.038	0.303	0.08	0.172	0.61	7.3
06-Mar-11	15	0.016	0.005	0.34	0.03	0.189	0.58	7.1
06-Mar-11	20	0.014	0.003	0.352	0.06	0.181	0.61	5.9
06-Mar-11	25	0.015	0.004	0.359	0	0.212	0.59	6.2
06-Mar-11	30	0.015	0.004	0.364	0.04	0.207	0.63	4.8
06-Mar-11	35	0.024	0.005	0.358	0.01	0.203	0.6	4.3
13-Mar-11	1	0.026	0.014	0.393	0.07	0.217	0.72	6.5
13-Mar-11	3	0.028	0.013	0.394	0	0.485	0.92	8
13-Mar-11	5	0.026	0.013	0.392	0	0.419	0.85	8.4
13-Mar-11	10	0.029	0.014	0.39	0.07	0.197	0.7	7.9
13-Mar-11	15	0.028	0.013	0.39	0.01	0.249	0.69	7.6
13-Mar-11	20	0.031	0.01	0.389	0.03	0.24	0.7	5.3
13-Mar-11	25	0.036	0.009	0.388	0.07	0.427	0.93	7.7
13-Mar-11	30	0.028	0.01	0.385	0	0.637	1.06	7.1
13-Mar-11	35	0.034	0.013	0.445	0.11	0.158	0.76	5.7
20-Mar-11	1	0.005	0.012	0.31	0.02	0.253	0.6	11.4
20-Mar-11	3	0.005	0.012	0.291	0.11	0.112	0.53	11.8
20-Mar-11	5	0.005	0.009	0.337	0.21	0.089	0.65	10.6
20-Mar-11	10	0.008	0.005	0.398	0	0.139	0.55	7.2
20-Mar-11	15	0.01	0.007	0.4	0.06	0.093	0.57	6.8
20-Mar-11	20	0.013	0.006	0.408	0.04	0.103	0.57	6.5
20-Mar-11	25	0.009	0.007	0.413	0.03	0.091	0.55	6
20-Mar-11	30	0.007	0.004	0.426	0.03	0.113	0.58	5.8
20-Mar-11	35	0.009	0.005	0.43	0.04	0.156	0.64	4.8
27-Mar-11	1	0.022	0.01	0.335	0	0.263	0.63	9.5
27-Mar-11	3	0.018	0.01	0.335	0.05	0.217	0.63	8.2
27-Mar-11	5	0.023	0.01	0.335	0.08	0.242	0.69	8.5
27-Mar-11	10	0.038	0.01	0.365	0	0.237	0.65	7
27-Mar-11	15	0.038	0.011	0.374	0.03	0.227	0.68	6
27-Mar-11	20	0.034	0.012	0.376	0.06	0.168	0.65	6.4
27-Mar-11	25	0.019	0.007	0.386	0.04	0.208	0.66	5.3
27-Mar-11	30	0.025	0.009	0.379	0.03	0.227	0.67	4
27-Mar-11	35	0.031	0.009	0.382	0	0.228	0.65	3.6
03-Apr-11	1	0.033	0.01	0.308	0.12	0.169	0.64	-
03-Apr-11	3	0.02	0.01	0.304	0.16	0.146	0.64	11.6
03-Apr-11	5	0.017	0.01	0.303	0.09	0.23	0.65	11.3
03-Apr-11	10	0.021	0.01	0.329	0.11	0.18	0.65	9.8
03-Apr-11	15	0.046	0.015	0.481	0	0.208	0.75	5.5
03-Apr-11	20	0.043	0.008	0.494	0	0.195	0.74	5.4
03-Apr-11	25	0.039	0.011	0.505	0.04	0.145	0.74	4.3
03-Apr-11	30	0.03	0.009	0.503	0	0.118	0.66	4.1
03-Apr-11	35	0.051	0.02	0.451	0	0.118	0.64	2.8
10-Apr-11	1	0.009	0.012	0.31	0.08	0.159	0.57	9.3
10-Apr-11	3	0.007	0.013	0.348	0.11	0.122	0.6	10.3
10-Apr-11	5	0.009	0.013	0.348	0.16	0.12	0.65	9.3
10-Apr-11	10	0.033	0.017	0.36	0.02	0.08	0.51	7.3
10-Apr-11	15	0.02	0.021	0.429	0.02	0.1	0.59	5
10-Apr-11	20	0.009	0.005	0.454	0.01	0.172	0.65	4.5
10-Apr-11	25	0.006	0.003	0.396	0.01	0.195	0.61	4.6
10-Apr-11	30	0.009	0.002	0.47	0	0.199	0.68	3.9
10-Apr-11	35	0.011	0.007	0.453	0.11	0.129	0.71	3.6
26-Apr-11	1	0.011	0.015	0.284	0.08	0.18	0.57	10.5
26-Apr-11	3	0.011	0.016	0.284	0.08	0.209	0.6	10.7
26-Apr-11	5	0.011	0.016	0.286	0.14	0.177	0.63	10.5
26-Apr-11	10	0.015	0.018	0.317	0.09	0.2	0.64	9
26-Apr-11	15	0.017	0.027	0.45	0	0.126	0.62	5
26-Apr-11	20	0.017	0.014	0.482	0	0.127	0.64	3.8
26-Apr-11	25	0.011	0.008	0.516	0	0.105	0.64	2.7
26-Apr-11	30	0.019	0.011	0.512	0.01	0.128	0.68	1.6
26-Apr-11	35	0.036	0.028	0.37	0.05	0.186	0.67	0.7
01-May-11	1	0.017	0.015	0.262	0.07	0.236	0.6	11.3
01-May-11	3	0.012	0.015	0.256	0.1	0.197	0.58	11.1
01-May-11	5	0.012	0.015	0.258	0.1	0.175	0.56	11.3
01-May-11	10	0.017	0.016	0.272	0.07	0.185	0.56	10
01-May-11	15	0.024	0.024	0.349	0	0.163	0.56	7.5
01-May-11	20	0.019	0.023	0.405	0	0.163	0.61	4.7
01-May-11	25	0.023	0.023	0.439	0	0.175	0.66	2.5
01-May-11	30	0.02	0.03	0.436	0	0.154	0.64	1.2
01-May-11	35	0.037	0.055	0.381	0.05	0.257	0.78	0.8
11-May-11	1	0.017	0.016	0.209	0.05	0.198	0.49	10.9
11-May-11	3	0.02	0.015	0.23	0.09	0.175	0.53	10.9
11-May-11	5	0.02	0.016	0.228	0.2	0.086	0.55	10.9
11-May-11	10	0.022	0.018	0.245	0.14	0.195	0.62	9.9
11-May-11	15	0.032	0.023	0.348	0.04	0.217	0.66	5.2
11-May-11	20	0.024	0.01	0.443	0	0.173	0.65	3.4
11-May-11	25	0.027	0.002	0.494	0.01	0.247	0.78	2.4
11-May-11	30	0.089	0.23	0.123	0.14	0.108	0.69	0.3
11-May-11	35	0.112	0.26	0.042	0.05	0.266	0.73	0.2
15-May-11	1	0.023	0.015	0.212	0	0.38	0.63	10.1
15-May-11	3	0.014	0.015	0.213	0.02	0.308	0.57	9.7
15-May-11	5	0.03	0.015	0.234	0	0.301	0.58	9.7
15-May-11	10	0.019	0.016	0.226	0	0.249	0.51	9.7
15-May-11	15	0.029	0.017	0.277	0	0.237	0.56	7.1
15-May-11	20	0.019	0.008	0.391	0.09	0.352	0.86	2.9
15-May-11	25	0.034	0.022	0.359	0.02	0.265	0.7	2.7
15-May-11	30	0.082	0.079	0.15	0.02	0.199	0.53	1.3
15-May-11	35	0.1	0.071	0.113	0.11	0.166	0.56	1
22-May-11	1	0.009	0.014	0.177	0.1	0.17	0.47	10.4
22-May-11	3	0.012	0.014	0.176	0.1	0.178	0.48	10.3
22-May-11	5	0.008	0.015	0.181	0	0.216	0.42	10.6
22-May-11	10	0.01	0.015	0.187	0.05	0.218	0.48	10.2
22-May-11	15	0.023	0.018	0.227	0.04	0.162	0.47	8
22-May-11	20	0.029	0.02	0.279	0.02	0.182	0.53	4.8
22-May-11	25	0.034	0.024	0.274	0.05	0.158	0.54	3.5
22-May-11	30	0.068	0.021	0.139	0	0.152	0.38	1.9
22-May-11	35	0.117	0.012	0.055	0.03	0.186	0.4	0.3
29-May-11	1	0.013	0.013	0.129	0.12	0.165	0.44	10.4
29-May-11	3	0.011	0.013	0.129	0.13	0.167	0.45	10.4
29-May-11	5	0.012	0.013	0.134	0.06	0.211	0.43	10.3
29-May-11	10	0.016	0.015	0.171	0.09	0.158	0.45	8.7
29-May-11	15	0.031	0.02	0.241	0.1	0.138	0.53	5.6
29-May-11	20	0.037	0.017	0.264	0.05	0.162	0.53	3
29-May-11	25	0.05	0.014	0.264	0	0.202	0.53	0.7
29-May-11	30	0.094	0.008	0.188	0	0.17	0.46	0.4
29-May-11	35	0.108	0.003	0.148	0	0.201	0.46	0.8
05-Jun-11	1	0.006	0.012	0.117	0.11	0.105	0.35	7.1
05-Jun-11	3	0.005	0.012	0.121	0.05	0.102	0.29	7.3
05-Jun-11	5	0.006	0.012	0.12	0.07	0.112	0.32	6.2
05-Jun-11	10	0.015	0.013	0.138	0.03	0.154	0.35	6.2
05-Jun-11	15	0.031	0.016	0.194	0.07	0.149	0.46	4.9
05-Jun-11	17	0.049	0.016	0.245	0.16	0.18	0.65	2.1
05-Jun-11	18	0.054	0.014	0.225	0	0.147	0.44	1.2
05-Jun-11	19	0.043	0.016	0.23	0.03	0.151	0.47	2.5
05-Jun-11	20	0.066	0.012	0.166	0.1	0.126	0.47	2
05-Jun-11	25	0.127	0.002	0.085	0.14	0.126	0.48	1
05-Jun-11	30	0.167	0.002	0.053	0.1	0.128	0.45	0.7
05-Jun-11	35	0.193	0.002	0.023	0.02	0.132	0.37	0.1
12-Jun-11	1	0.038	0.01	0.127	0.05	0.195	0.42	8.9
12-Jun-11	3	0.023	0.011	0.127	0.08	0.149	0.39	9
12-Jun-11	5	0.018	0.011	0.125	0.13	0.136	0.42	6.6
12-Jun-11	10	0.022	0.011	0.129	0.14	0.118	0.42	5.8
12-Jun-11	15	0.068	0.016	0.164	0.09	0.162	0.5	4.6
12-Jun-11	20	0.084	0.016	0.173	0.14	0.097	0.51	2.7
12-Jun-11	24	0.114	0.013	0.103	0.05	0.12	0.4	1.8
12-Jun-11	25	0.109	0.009	0.077	0.05	0.125	0.37	1.3
12-Jun-11	26	0.134	0.006	0.073	0.06	0.157	0.43	1.2
12-Jun-11	30	0.24	0.002	0.018	0.06	0.1	0.42	0.1
12-Jun-11	35	0.225	0.002	0.03	0.02	0.163	0.44	0.4
19-Jun-11	1	0.027	0.011	0.111	0.06	0.181	0.39	6.3
19-Jun-11	3	0.032	0.012	0.112	0.06	0.184	0.4	7.3
19-Jun-11	5	0.038	0.012	0.116	0.1	0.164	0.43	7.6
19-Jun-11	10	0.029	0.011	0.111	0.14	0.149	0.44	7.5
19-Jun-11	13	0.041	0.012	0.112	0.08	0.185	0.43	7.4
19-Jun-11	14	0.056	0.014	0.116	0.15	0.164	0.5	6.7
19-Jun-11	15	0.063	0.014	0.127	0.45	0.166	0.82	5.4
19-Jun-11	20	0.089	0.012	0.101	0.15	0.158	0.51	3.1
19-Jun-11	25	0.117	0.005	0.059	0.11	0.189	0.48	2.1
19-Jun-11	30	0.189	0.002	0.024	0.08	0.165	0.46	0.3
19-Jun-11	35	0.263	0.002	-	0.05	0.255	0.57	0.1
26-Jun-11	1	0.015	0.01	0.102	0.07	0.233	0.43	-
26-Jun-11	3	0.014	0.01	0.103	0.09	0.203	0.42	7.5
26-Jun-11	5	0.012	0.01	0.102	0.12	0.196	0.44	7.9
26-Jun-11	10	0.016	0.01	0.103	0.08	0.241	0.45	7.6
26-Jun-11	15	0.029	0.01	0.103	0.08	0.228	0.45	7
26-Jun-11	17	0.052	0.013	0.095	0.11	0.2	0.47	5.5
26-Jun-11	18	0.074	0.013	0.084	0	0.279	0.45	5
26-Jun-11	19	0.077	0.01	0.064	0.02	0.269	0.44	3.9
26-Jun-11	20	0.088	0.011	0.054	0.06	0.237	0.45	3.1
26-Jun-11	25	0.14	0.002	0.028	0.04	0.23	0.44	1.1
26-Jun-11	30	0.228	0.002	0.014	0.05	0.226	0.52	0.2
26-Jun-11	35	0.292	0.002	0.008	0.14	0.168	0.61	0.1
03-Jul-11	1	0.023	0.008	0.096	0.07	0.243	0.44	7.3
03-Jul-11	3	0.027	0.009	0.099	0.1	0.215	0.45	6.6
03-Jul-11	5	0.026	0.009	0.097	0.1	0.238	0.47	7.3
03-Jul-11	10	0.036	0.009	0.095	0.08	0.23	0.45	6.9
03-Jul-11	15	0.062	0.008	0.089	0.07	0.231	0.46	5.8
03-Jul-11	16	0.07	0.008	0.088	0.11	0.224	0.5	5.2
03-Jul-11	17	0.157	0.002	0.009	0	0.272	0.44	0.3
03-Jul-11	20	0.159	0.002	0.014	0.03	0.225	0.43	0.6
03-Jul-11	25	0.282	0.002	0.009	0.05	0.187	0.53	0.1
03-Jul-11	30	0.36	0.002	-	0.03	0.228	0.62	0.1
03-Jul-11	35	0.415	0.002	-	0.05	0.273	0.74	0.1
10-Jul-11	1	0.017	0.007	0.051	0.08	0.195	0.35	-
10-Jul-11	3	0.013	0.007	0.05	0.02	0.18	0.27	8.8
10-Jul-11	5	0.012	0.007	0.049	0.05	0.112	0.23	9
10-Jul-11	10	0.021	0.007	0.06	0.13	0.072	0.29	8.1
10-Jul-11	15	0.068	0.008	0.079	0.1	0.075	0.33	6.2
10-Jul-11	16	0.104	0.007	0.065	0	0.154	0.33	4.4
10-Jul-11	17	0.195	0.002	0.019	0.02	0.134	0.37	1.2
10-Jul-11	20	0.156	0.002	0.031	0	0.221	0.41	2.6
10-Jul-11	25	0.271	0.002	0.015	0.03	0.092	0.41	0.3
10-Jul-11	30	0.377	0.002	-	0	0.151	0.53	0.1
10-Jul-11	35	0.401	0.002	-	0.04	0.197	0.64	0.1
18-Jul-11	1	0.007	0.005	0.031	0.1	0.147	0.29	7.2
18-Jul-11	3	0.007	0.005	0.032	0.17	0.146	0.36	6.7
18-Jul-11	5	0.011	0.005	0.036	0.17	0.158	0.38	6.7
18-Jul-11	10	0.015	0.006	0.034	0.17	0.125	0.35	6.5
18-Jul-11	15	0.031	0.005	0.048	0.08	0.206	0.37	6.4
18-Jul-11	16	0.034	0.005	0.046	0.12	0.145	0.35	7.1
18-Jul-11	17	0.109	0.004	0.036	0.08	0.171	0.4	4.5
18-Jul-11	18	0.133	0.003	0.028	0.12	0.146	0.43	2.7
18-Jul-11	20	0.202	0.002	0.01	0.05	0.176	0.44	1
18-Jul-11	25	0.316	0.002	0.007	0	0.175	0.5	0.1
18-Jul-11	30	0.448	0.002	-	0.08	0.13	0.66	0.1
18-Jul-11	35	0.504	0.002	-	0	0.194	0.7	0.1
24-Jul-11	1	0.007	0.004	0.011	0.12	0.098	0.24	8.2
24-Jul-11	3	0.005	0.004	0.01	0.13	0.121	0.27	8.1
24-Jul-11	5	0.005	0.004	0.01	0.13	0.121	0.27	8.3
24-Jul-11	10	0.005	0.004	0.011	0.17	0.1	0.29	7.9
24-Jul-11	15	0.027	0.004	0.014	0.12	0.105	0.27	6.8
24-Jul-11	16	0.037	0.004	0.016	0.07	0.163	0.29	6.4
24-Jul-11	18	0.066	0.004	0.012	0.08	0.158	0.32	4.8
24-Jul-11	20	0.133	0.002	0.01	0.1	0.155	0.4	2.5
24-Jul-11	22	0.179	0.002	0.01	0.1	0.179	0.47	2.3
24-Jul-11	25	0.279	0.002	0.007	0.03	0.212	0.53	0.6
24-Jul-11	30	0.414	0.002	-	0.1	0.144	0.66	0.1
24-Jul-11	35	0.492	0.002	-	0.08	0.126	0.7	0.1
31-Jul-11	1	0.015	0.002	0.027	0.16	0.086	0.29	8.5
31-Jul-11	3	0.014	0.002	0.031	0.17	0.053	0.27	8.3
31-Jul-11	5	0.014	0.002	0.021	0.14	0.083	0.26	8.3
31-Jul-11	10	0.01	0.002	0.013	0.1	0.085	0.21	8.1
31-Jul-11	15	0.093	0.003	0.024	0.11	0.15	0.38	3.1
31-Jul-11	16	0.155	0.002	0.021	0.12	0.092	0.39	1.5
31-Jul-11	17	0.136	0.003	0.019	0.1	0.062	0.32	2.4
31-Jul-11	18	0.229	0.002	0.007	0.12	0.062	0.42	0.1
31-Jul-11	20	0.26	0.002	-	0.09	0.118	0.47	0.1
31-Jul-11	25	0.366	0.002	-	0.23	0.052	0.65	0.1
31-Jul-11	30	0.403	0.002	-	0.14	0.085	0.63	0.1
31-Jul-11	35	0.652	0.002	-	0.12	0.096	0.87	0.1
07-Aug-11	1	0.032	0.002	0.011	0.05	0.115	0.21	7.8
07-Aug-11	3	0.022	0.002	0.008	0.06	0.198	0.29	7.4
07-Aug-11	5	0.013	0.002	0.005	0.14	0.09	0.25	7.3
07-Aug-11	10	0.019	0.002	0.007	0.1	0.092	0.22	7.3
07-Aug-11	15	0.036	0.002	0.01	0.08	0.072	0.2	6.6
07-Aug-11	16	0.038	0.002	0.009	0.1	0.071	0.22	6.2
07-Aug-11	17	0.058	0.002	0.008	0.11	0.072	0.25	6
07-Aug-11	18	0.063	0.002	0.007	0.11	0.068	0.25	5.5
07-Aug-11	20	0.14	0.002	0.007	0.02	0.121	0.29	3.3
07-Aug-11	25	0.293	0.002	0.005	0.08	0.07	0.45	0.5
07-Aug-11	30	0.49	0.002	-	0.07	0.088	0.65	0.1
07-Aug-11	35	0.531	0.002	-	0.01	0.147	0.69	0.1
14-Aug-11	1	0.024	0.002	0.012	0.15	0.062	0.25	7.3
14-Aug-11	3	0.007	0.002	0.007	0.11	0.134	0.26	7.5
14-Aug-11	5	0.01	0.002	0.004	0.12	0.114	0.25	7.5
14-Aug-11	10	0.008	0.002	0.007	0.12	0.113	0.25	7.2
14-Aug-11	15	0.072	0.002	0.008	0.11	0.138	0.33	4.3
14-Aug-11	16	0.021	0.002	0.01	0.13	0.127	0.29	7.2
14-Aug-11	17	0.063	0.002	0.006	0.01	0.199	0.28	6.4
14-Aug-11	18	0.085	0.002	0.007	0.14	0.126	0.36	3.9
14-Aug-11	20	0.296	0.002	-	0.12	0.102	0.52	0.2
14-Aug-11	25	0.627	0.002	-	0.11	0.021	0.76	0.1
14-Aug-11	30	0.654	0.002	-	0.09	0.114	0.86	0.1
14-Aug-11	35	0.8	0.002	-	0.14	0.098	1.04	0.1
21-Aug-11	1	0.02	0.002	0.008	0	0.18	0.21	7.5
21-Aug-11	3	0.018	0.002	0.001	0	0.179	0.2	7.6
21-Aug-11	5	0.037	0.002	0.024	0.02	0.117	0.2	7.3
21-Aug-11	10	0.018	0.002	0.007	0.04	0.133	0.2	7.6
21-Aug-11	15	0.025	0.002	0.007	0.11	0.076	0.22	5.8
21-Aug-11	19	0.07	0.002	0.005	0	0.213	0.29	4.8
21-Aug-11	20	0.127	0.002	0.009	0	0.222	0.36	2.5
21-Aug-11	21	0.224	0.002	0.01	0	0.204	0.44	1.2
21-Aug-11	25	0.308	0.002	-	0.03	0.15	0.49	0.8
21-Aug-11	30	0.482	0.002	-	0	0.156	0.64	0.1
21-Aug-11	35	0.59	0.002	-	0.09	0.168	0.85	0.1
28-Aug-11	1	0.01	0.002	0.006	0.09	0.252	0.36	5.8
28-Aug-11	3	0.02	0.002	0.01	0.06	0.228	0.32	7.8
28-Aug-11	5	0.015	0.002	0.002	0.1	0.191	0.31	7.7
28-Aug-11	10	0.014	0.002	0.003	0.04	0.221	0.28	7.4
28-Aug-11	15	0.036	0.002	0.015	0.12	0.127	0.3	5.1
28-Aug-11	16	0.12	0.002	0.016	0.01	0.172	0.32	4.6
28-Aug-11	17	0.175	0.002	0.012	0	0.241	0.43	1.5
28-Aug-11	20	0.346	0.002	0.001	0.01	0.201	0.56	0.1
28-Aug-11	25	0.67	0.002	-	0	0.208	0.88	0.1
28-Aug-11	30	0.7	0.002	-	0.02	0.228	0.95	0.1
28-Aug-11	35	0.86	0.002	-	0.02	0.258	1.14	0.1
04-Sep-11	1	0.032	0.002	0.016	0.04	0.19	0.28	7.4
04-Sep-11	3	0.037	0.002	0.013	0.1	0.128	0.28	-
04-Sep-11	5	0.041	0.002	0.014	0.08	0.133	0.27	6.4
04-Sep-11	10	0.025	0.002	0.01	0.12	0.123	0.28	7.3
04-Sep-11	15	0.031	0.002	0.014	0.09	0.133	0.27	-
04-Sep-11	19	0.133	0.002	0.015	0	0.2	0.35	4
04-Sep-11	20	0.154	0.002	0.012	0.07	0.182	0.42	3.8
04-Sep-11	21	0.203	0.002	0.01	0.08	0.155	0.45	2.7
04-Sep-11	25	0.4	0.002	-	0.02	0.218	0.64	0.1
04-Sep-11	30	0.571	0.002	-	0.03	0.117	0.72	0.1
04-Sep-11	35	0.717	0.002	-	0.01	0.191	0.92	0.1
11-Sep-11	1	0.016	0.002	0.001	0.05	0.161	0.23	7.7
11-Sep-11	3	0.015	0.002	0.001	0.06	0.142	0.22	7.6
11-Sep-11	5	0.01	0.002	0.001	0.06	0.117	0.19	7.8
11-Sep-11	10	0.014	0.002	0.001	0.06	0.163	0.24	7.7
11-Sep-11	15	0.017	0.002	0.001	0.05	0.16	0.23	7.4
11-Sep-11	19	0.153	0.002	0.001	0.04	0.164	0.36	3.4
11-Sep-11	20	0.195	0.002	0.001	0.02	0.142	0.36	2.6
11-Sep-11	21	0.223	0.002	-	0	0.165	0.39	1.8
11-Sep-11	25	0.399	0.002	-	0	0.189	0.59	0.1
11-Sep-11	30	0.579	0.002	-	0	0.119	0.7	0.1
11-Sep-11	35	0.819	0.002	-	0.05	0.149	1.02	0.1
18-Sep-11	1	0.021	0.002	0.01	0.07	0.097	0.2	6.1
18-Sep-11	3	0.024	0.002	0.012	0.06	0.092	0.19	7.6
18-Sep-11	5	0.02	0.002	0.011	0.1	0.067	0.2	-
18-Sep-11	10	0.024	0.002	0.014	0.08	0.06	0.18	7.4
18-Sep-11	15	0.027	0.002	0.013	0.07	0.088	0.2	-
18-Sep-11	17	0.036	0.002	0.014	0.12	0.068	0.24	7
18-Sep-11	18	0.056	0.002	0.016	0.06	0.096	0.23	5.9
18-Sep-11	19	0.082	0.002	0.011	0.08	0.085	0.26	4.9
18-Sep-11	20	0.127	0.002	-	0.07	0.091	0.29	4.4
18-Sep-11	25	0.34	0.002	-	0.07	0.058	0.47	1.2
18-Sep-11	30	0.587	0.002	-	0	0.081	0.67	0.1
18-Sep-11	35	0.788	0.002	-	0.03	0.14	0.96	0.1
25-Sep-11	1	0.025	0.002	0.011	0	0.142	0.18	7.7
25-Sep-11	3	0.029	0.002	0.017	0.07	0.142	0.26	7.3
25-Sep-11	5	0.026	0.002	0.012	0.02	0.15	0.21	7.4
25-Sep-11	10	0.026	0.002	0.008	0.03	0.124	0.19	7.2
25-Sep-11	15	0.023	0.002	0.001	0.01	0.164	0.2	7
25-Sep-11	17	0.035	0.002	0.001	0.06	0.122	0.22	6
25-Sep-11	18	0.084	0.002	0.001	0.05	0.123	0.26	5
25-Sep-11	19	0.186	0.002	0.001	0.02	0.181	0.39	2.1
25-Sep-11	20	0.29	0.002	-	0.16	0.098	0.55	0.3
25-Sep-11	25	0.532	0.002	-	0	0.106	0.64	0.1
25-Sep-11	30	0.671	0.002	-	0	0.127	0.8	0.1
25-Sep-11	35	1.12	0.002	-	0.05	0.178	1.35	0.1
02-Oct-11	1	0.014	0.002	0.012	0	0.152	0.18	6.9
02-Oct-11	3	0.019	0.002	0.011	0.06	0.108	0.2	7.5
02-Oct-11	5	0.017	0.002	0.008	0.04	0.123	0.19	7.8
02-Oct-11	10	0.013	0.002	0.008	0.07	0.087	0.18	7.7
02-Oct-11	15	0.021	0.002	0.01	0.08	0.097	0.21	7.3
02-Oct-11	20	0.167	0.002	0.026	0	0.165	0.36	3.6
02-Oct-11	21	0.249	0.002	0.006	0.01	0.163	0.43	2
02-Oct-11	22	0.25	0.002	0.011	0.02	0.157	0.44	2.2
02-Oct-11	25	0.369	0.002	-	0.04	0.169	0.58	0.7
02-Oct-11	30	0.523	0.002	-	0	0.135	0.66	0.1
02-Oct-11	35	0.8	0.002	-	0.04	0.138	0.98	0.1
09-Oct-11	1	0.041	0.002	0.008	0.01	0.129	0.19	8
09-Oct-11	3	0.031	0.002	0.005	0.04	0.062	0.14	7.8
09-Oct-11	5	0.037	0.002	0.006	0.03	0.055	0.13	7.7
09-Oct-11	10	0.037	0.002	0.005	0.03	0.066	0.14	7.5
09-Oct-11	15	0.04	0.002	0.005	0.03	0.053	0.13	7.5
09-Oct-11	16	0.046	0.002	0.005	0.12	0.107	0.28	7.7
09-Oct-11	17	0.083	0.003	0.004	0	0.23	0.32	4.7
09-Oct-11	18	0.148	0.002	0.005	0.07	0.135	0.36	4.7
09-Oct-11	20	0.431	0.002	-	0.03	0.157	0.62	0.1
09-Oct-11	25	0.639	0.002	-	0.04	0.239	0.92	0.1
09-Oct-11	30	0.885	0.002	-	0	0.193	1.08	0.1
09-Oct-11	35	0.956	0.002	-	0.04	0.182	1.18	0.1
23-Oct-11	1	0.048	0.002	0.015	0	0.045	0.11	5
23-Oct-11	3	0.033	0.002	0.014	0.04	0.051	0.14	6.2
23-Oct-11	5	0.032	0.002	0.016	0.05	0.05	0.15	6.2
23-Oct-11	10	0.031	0.002	0.017	0.04	0.05	0.14	6.3
23-Oct-11	15	0.034	0.002	0.015	0.03	0.049	0.13	6.3
23-Oct-11	19	0.082	0.003	0.018	0.06	0.037	0.2	4.4
23-Oct-11	20	0.17	0.002	0.016	0.04	0.102	0.33	4.2
23-Oct-11	21	0.327	0.002	-	0.04	0.071	0.44	0.1
23-Oct-11	25	0.919	0.002	-	0.01	0.189	1.12	0.1
23-Oct-11	30	0.926	0.002	-	0	0.092	1.02	0.1
23-Oct-11	35	1.04	0.002	-	0.02	0.138	1.2	0.1
30-Oct-11	1	0.056	0.002	0.019	0	0.223	0.3	7.4
30-Oct-11	3	0.054	0.002	0.014	0.09	0.16	0.32	7.3
30-Oct-11	5	0.053	0.002	0.013	0.04	0.132	0.24	7.3
30-Oct-11	10	0.051	0.002	0.012	0.09	0.105	0.26	7.1
30-Oct-11	15	0.055	0.002	0.013	0.07	0.08	0.22	7.1
30-Oct-11	20	0.081	0.002	0.013	0.07	0.134	0.3	6.2
30-Oct-11	21	0.125	0.002	0.011	0.09	0.132	0.36	5.5
30-Oct-11	22	0.231	0.002	0.011	0.09	0.126	0.46	3.8
30-Oct-11	25	0.373	0.002	-	0.07	0.165	0.61	1.2
30-Oct-11	30	0.701	0.002	-	0.2	0.117	1.02	0.1
30-Oct-11	35	1.16	0.002	-	0	0.138	1.3	0.1
06-Nov-11	1	0.083	0.002	0.03	0.03	0.125	0.27	5.7
06-Nov-11	3	0.083	0.002	0.032	0.05	0.103	0.27	6.6
06-Nov-11	5	0.084	0.002	0.029	0.14	0.125	0.38	6.4
06-Nov-11	10	0.085	0.002	0.031	0.04	0.122	0.28	6.3
06-Nov-11	15	0.085	0.002	0.03	0.08	0.103	0.3	6
06-Nov-11	20	0.09	0.002	0.03	0	0.098	0.22	6.2
06-Nov-11	21	0.176	0.002	0.029	0.19	0.083	0.48	2.7
06-Nov-11	22	0.401	0.002	-	0.08	0.137	0.62	0.3
06-Nov-11	23	0.616	0.002	-	0.07	0.062	0.75	0.1
06-Nov-11	25	0.807	0.002	-	0	0.081	0.89	0.1
06-Nov-11	30	1.06	0.002	-	0.23	0.048	1.34	0.1
06-Nov-11	35	1.59	0.002	-	0.2	0.018	1.81	0.1
14-Nov-11	1	0.123	0.002	0.032	0.03	0.203	0.39	7
14-Nov-11	3	0.121	0.003	0.032	0	0.144	0.3	6.9
14-Nov-11	5	0.126	0.002	0.033	0	0.139	0.3	6.9
14-Nov-11	10	0.121	0.002	0.031	0.04	0.126	0.32	6.1
14-Nov-11	15	0.122	0.003	0.034	0.05	0.111	0.32	6.8
14-Nov-11	20	0.124	0.002	0.031	0.05	0.113	0.32	6.9
14-Nov-11	23	0.125	0.003	0.032	0.07	0.09	0.32	6.9
14-Nov-11	24	0.263	0.002	0.025	0.01	0.12	0.42	3.7
14-Nov-11	25	0.343	0.002	-	0.07	0.115	0.53	2.5
14-Nov-11	30	0.736	0.002	-	0.08	0.112	0.93	0.1
14-Nov-11	35	0.883	0.002	-	0.04	0.155	1.08	0.1
20-Nov-11	1	0.184	0.003	0.028	0	0.175	0.39	7
20-Nov-11	3	0.149	0.003	0.028	0.11	0.1	0.39	6.8
20-Nov-11	5	0.15	0.003	0.029	0.07	0.108	0.36	6.9
20-Nov-11	10	0.154	0.002	0.029	0.01	0.145	0.34	6.7
20-Nov-11	15	0.151	0.002	0.028	0.01	0.239	0.43	6.768
20-Nov-11	20	0.152	0.002	0.028	0.05	0.118	0.35	6.8
20-Nov-11	24	0.162	0.002	0.028	0.05	0.108	0.35	6.5
20-Nov-11	25	0.171	0.002	0.027	0.01	0.12	0.33	6.3
20-Nov-11	26	0.395	0.002	0.017	0.06	0.116	0.59	2
20-Nov-11	30	1.01	0.002	-	0.01	0.098	1.12	0.1
20-Nov-11	35	1.69	0.002	-	0	0.188	1.88	0.1
27-Nov-11	1	0.179	0.003	0.046	0	0.162	0.39	7.1
27-Nov-11	3	0.186	0.003	0.046	0.01	0.145	0.39	7.1
27-Nov-11	5	0.184	0.003	0.046	0.04	0.137	0.41	7.1
27-Nov-11	10	0.177	0.003	0.046	0.03	0.174	0.43	7
27-Nov-11	15	0.177	0.003	0.044	0.07	0.146	0.44	7.2
27-Nov-11	20	0.18	0.003	0.045	0.08	0.082	0.39	6.9
27-Nov-11	25	0.186	0.004	0.044	0.03	0.146	0.41	6.8
27-Nov-11	26	0.527	0.002	-	0.08	0.131	0.74	2.4
27-Nov-11	27	0.97	0.002	-	0.01	0.168	1.15	0.1
27-Nov-11	30	1.37	0.002	-	0.16	0.168	1.7	0.1
27-Nov-11	35	1.34	0.002	-	0.08	0.188	1.61	0.1
04-Dec-11	1	0.188	0.004	0.052	0.07	0.086	0.4	6.8
04-Dec-11	3	0.19	0.004	0.051	0.1	0.075	0.42	6.7
04-Dec-11	5	0.191	0.004	0.053	0.07	0.102	0.42	6.5
04-Dec-11	10	0.189	0.004	0.053	0.06	0.104	0.41	6.9
04-Dec-11	15	0.189	0.004	0.054	0.07	0.103	0.42	6.9
04-Dec-11	20	0.18	0.004	0.051	0.14	0.065	0.44	7.1
04-Dec-11	25	0.18	0.003	0.051	0.13	0.086	0.45	7.1
04-Dec-11	30	0.189	0.003	0.054	0.05	0.104	0.4	6.8
04-Dec-11	31	0.353	0.003	0.042	0.21	0.082	0.69	5
04-Dec-11	32	0.908	0.002	-	0.1	0.11	1.12	0.1
04-Dec-11	35	1.67	0.002	-	0.01	0.288	1.97	0.1
11-Dec-11	1	0.217	0.005	0.063	0	0.035	0.32	6.6
11-Dec-11	3	0.213	0.005	0.063	0.03	0.019	0.33	6.2
11-Dec-11	5	0.217	0.005	0.064	0.02	0.014	0.32	6.4
11-Dec-11	10	0.213	0.004	0.064	0	0.049	0.33	6.4
11-Dec-11	15	0.213	0.006	0.063	0	0.018	0.3	6.4
11-Dec-11	20	0.213	0.007	0.07	0.02	0.04	0.35	7.2
11-Dec-11	25	0.214	0.005	0.065	0.046	0	0.33	6.4
11-Dec-11	30	0.215	0.005	0.065	0.02	0.025	0.33	6.5
11-Dec-11	32	0.29	0.004	0.059	0.06	0.007	0.42	5.8
11-Dec-11	33	0.462	0.004	0.05	0	0.034	0.55	3.5
11-Dec-11	34	0.65	0.004	-	0.04	0.126	0.82	1.3
11-Dec-11	35	0.9	0.003	-	0.02	0.077	1	0.1
18-Dec-11	1	0.234	0.004	0.067	0	0.125	0.43	7
18-Dec-11	3	0.227	0.004	0.063	0.03	0.086	0.41	6.7
18-Dec-11	5	0.225	0.003	0.062	0	0.1	0.39	7
18-Dec-11	10	0.229	0.004	0.06	0.02	0.107	0.42	6.9
18-Dec-11	15	0.227	0.004	0.062	0.02	0.107	0.42	6.8
18-Dec-11	20	0.226	0.004	0.059	0.08	0.051	0.42	6.8
18-Dec-11	25	0.222	0.004	0.067	0.05	0.047	0.39	6.9
18-Dec-11	30	0.23	0.004	0.064	0.03	0.052	0.38	6.8
18-Dec-11	33	-	-	-	-	-	-	-
18-Dec-11	35	0.518	0.002	-	0.27	0.08	0.87	0.6
25-Dec-11	1	0.277	0.005	0.066	0.07	0.132	0.55	6.3
25-Dec-11	3	0.273	0.005	0.068	0.06	0.134	0.54	6.7
25-Dec-11	5	0.276	0.005	0.064	0.08	0.145	0.57	6.7
25-Dec-11	10	0.277	0.005	0.064	0.15	0.104	0.6	6.7
25-Dec-11	15	0.273	0.005	0.066	0.07	0.126	0.54	6.6
25-Dec-11	20	0.277	0.005	0.069	0.09	0.129	0.57	6.5
25-Dec-11	25	0.315	0.005	0.063	0.07	0.117	0.57	4.4
25-Dec-11	30	0.342	0.005	0.064	0.02	0.149	0.58	5.5
25-Dec-11	35	0.639	0.005	-	0.13	0.106	0.88	2.4
01-Jan-12	1	0.264	0.007	0.073	0	0.226	0.57	7.7
01-Jan-12	3	0.261	0.006	0.073	0.08	0.12	0.54	7.7
01-Jan-12	5	0.264	0.006	0.075	0.05	0.165	0.56	7.4
01-Jan-12	10	0.264	0.006	0.073	0	0.217	0.56	6.5
01-Jan-12	15	0.265	0.006	0.074	0.03	0.215	0.59	7
01-Jan-12	20	0.266	0.006	0.073	0.18	0.045	0.57	6.6
01-Jan-12	25	0.26	0.006	0.074	0.12	0.13	0.59	7.7
01-Jan-12	30	0.267	0.006	0.075	0.05	0.112	0.51	6.5
01-Jan-12	35	0.266	0.006	0.075	0.03	0.163	0.54	7.1
08-Jan-12	1	0.263	0.011	0.082	0	0.184	0.54	-
08-Jan-12	3	0.263	0.011	0.077	0.03	0.159	0.54	8.2
08-Jan-12	5	0.271	0.011	0.081	0	0.107	0.47	8
08-Jan-12	10	0.263	0.011	0.079	0	0.177	0.53	7.7
08-Jan-12	15	0.271	0.011	0.082	0	0.236	0.6	7.9
08-Jan-12	20	0.266	0.011	0.077	0	0.086	0.44	7.9
08-Jan-12	25	0.276	0.011	0.079	0.01	0.114	0.49	7.6
08-Jan-12	30	0.268	0.011	0.077	0.02	0.114	0.49	7.9
08-Jan-12	35	0.27	0.011	0.08	0.01	0.119	0.49	8
15-Jan-12	1	0.249	0.021	0.094	0.05	0.196	0.61	9.2
15-Jan-12	3	0.25	0.021	0.098	0.03	0.201	0.6	8.8
15-Jan-12	5	0.26	0.021	0.103	0	0.206	0.59	9
15-Jan-12	10	0.248	0.023	0.092	0.11	0.167	0.64	8.8
15-Jan-12	15	0.252	0.022	0.096	0.06	0.17	0.6	8.9
15-Jan-12	20	0.249	0.021	0.105	0.18	0.175	0.73	8.9
15-Jan-12	25	0.247	0.02	0.099	0.06	0.134	0.56	8.8
15-Jan-12	30	0.234	0.017	0.101	0.03	0.128	0.51	8.9
15-Jan-12	35	0.23	0.017	0.101	0.04	0.112	0.5	9.9
22-Jan-12	1	0.214	0.058	0.108	0.08	0.18	0.64	8
22-Jan-12	3	0.221	0.057	0.108	0.02	0.244	0.65	8
22-Jan-12	5	0.214	0.058	0.11	0.06	0.188	0.63	7.3
22-Jan-12	10	0.22	0.059	0.109	0	0.222	0.61	7.3
22-Jan-12	15	0.222	0.059	0.111	0	0.168	0.56	5
22-Jan-12	20	0.211	0.058	0.11	0.1	0.131	0.61	8.7
22-Jan-12	25	0.212	0.054	0.116	0.13	0.098	0.61	6.9
22-Jan-12	30	0.217	0.059	0.115	0.04	0.159	0.59	6.3
22-Jan-12	35	0.202	0.049	0.337	0	0.232	0.82	7
29-Jan-12	1	0.152	0.097	0.126	0.12	0.135	0.63	9.2
29-Jan-12	3	0.153	0.098	0.12	0.04	0.189	0.6	9
29-Jan-12	5	0.152	0.098	0.117	0.08	0.183	0.63	9.3
29-Jan-12	10	0.153	0.1	0.118	0.1	0.169	0.64	9.1
29-Jan-12	15	0.152	0.1	0.117	0.08	0.161	0.61	8.8
29-Jan-12	20	0.153	0.099	0.118	0.06	0.18	0.61	9.1
29-Jan-12	25	0.152	0.098	0.114	0.1	0.166	0.63	9.2
29-Jan-12	30	0.154	0.095	0.116	0.03	0.165	0.56	7.4
29-Jan-12	35	0.184	0.049	0.119	0.05	0.158	0.56	8.9
05-Feb-12	1	0.132	0.096	0.128	0.14	0.114	0.61	9.3
05-Feb-12	3	0.132	0.096	0.129	0.13	0.123	0.61	9.1
05-Feb-12	5	0.134	0.096	0.128	0.08	0.182	0.62	9.6
05-Feb-12	10	0.14	0.097	0.131	0.08	0.162	0.61	9.3
05-Feb-12	15	0.145	0.098	0.133	0	0.154	0.53	8.9
05-Feb-12	20	0.15	0.099	0.134	0.21	0.117	0.71	8.5
05-Feb-12	25	0.151	0.099	0.137	0.11	0.133	0.63	9.1
05-Feb-12	30	0.153	0.091	0.199	0	0.117	0.56	8.4
05-Feb-12	35	0.161	0.08	0.434	0.02	0.155	0.85	8.1
13-Feb-12	1	0.118	0.093	0.187	0.09	0.092	0.58	7.9
13-Feb-12	3	0.121	0.093	0.186	0.05	0.12	0.57	9.6
13-Feb-12	5	0.119	0.093	0.188	0.18	0.1	0.68	8.3
13-Feb-12	10	0.117	0.092	0.191	0.15	0.08	0.63	9.9
13-Feb-12	15	0.119	0.093	0.257	0.09	0.041	0.6	9
13-Feb-12	20	0.121	0.093	0.189	0.07	0.097	0.57	8.9
13-Feb-12	25	0.121	0.094	0.202	0.12	0.053	0.59	9.6
13-Feb-12	30	0.13	0.093	0.203	0.12	0.044	0.59	9.7
13-Feb-12	35	0.123	0.093	0.196	0.15	0.048	0.61	9.9
19-Feb-12	1	0.11	0.078	0.201	0.03	0.161	0.58	9.2
19-Feb-12	3	0.11	0.078	0.201	0.01	0.161	0.56	9
19-Feb-12	5	0.11	0.078	0.196	0.05	0.116	0.55	9.3
19-Feb-12	10	0.11	0.078	0.195	0	0.097	0.48	9
19-Feb-12	15	0.12	0.074	0.196	0	0.16	0.55	8.5
19-Feb-12	20	0.11	0.077	0.198	0.05	0.055	0.49	8.7
19-Feb-12	25	0.11	0.078	0.194	0	0	0.38	10.2
19-Feb-12	30	0.11	0.077	0.208	0.12	0.115	0.63	9.3
19-Feb-12	35	0.11	0.078	0.191	0.11	0.101	0.59	9.1
26-Feb-12	1	0.104	0.049	0.248	0.05	0.149	0.6	10.7
26-Feb-12	3	0.096	0.049	0.244	0.27	0.071	0.73	10.8
26-Feb-12	5	0.096	0.05	0.251	0.23	0.073	0.7	10.6
26-Feb-12	10	0.101	0.049	0.3	0.13	0.1	0.68	10.3
26-Feb-12	15	0.1	0.049	0.244	0.1	0.107	0.6	10.3
26-Feb-12	20	0.086	0.048	0.24	0.21	0.066	0.65	10.2
26-Feb-12	25	0.089	0.048	0.244	0.13	0.089	0.6	10.4
26-Feb-12	30	0.094	0.046	0.247	0.01	0.153	0.55	9.9
26-Feb-12	35	0.09	0.047	0.244	0.1	0.079	0.56	9.8
04-Mar-12	1	0.078	0.025	0.278	0.03	0.249	0.66	9.7
04-Mar-12	3	0.079	0.025	0.282	0	0.244	0.63	9.6
04-Mar-12	5	0.079	0.025	0.28	0	0.206	0.59	9.5
04-Mar-12	10	0.08	0.025	0.279	0	0.286	0.67	8.7
04-Mar-12	15	0.077	0.025	0.277	0	0.161	0.54	9.8
04-Mar-12	20	0.08	0.025	0.279	0.05	0.176	0.61	9.3
04-Mar-12	25	0.085	0.025	0.276	0.07	0.144	0.6	10.1
04-Mar-12	30	0.076	0.025	0.28	0.03	0.119	0.53	9.4
04-Mar-12	35	0.076	0.025	0.278	0.09	0.141	0.61	9.2
11-Mar-12	1	0.005	0.027	0.297	1.07	0.241	1.64	17.8
11-Mar-12	3	0.005	0.027	0.291	0.76	0.307	1.39	17.7
11-Mar-12	5	0.006	0.027	0.284	0.77	0.243	1.33	16.2
11-Mar-12	10	0.008	0.027	0.318	0.25	0.287	0.89	13.3
11-Mar-12	15	0.058	0.011	0.307	0.23	0.184	0.79	9.6
11-Mar-12	20	0.048	0.016	0.32	0.13	0.296	0.81	10.3
11-Mar-12	25	0.069	0.011	0.297	0.05	0.293	0.72	9.7
11-Mar-12	30	0.07	0.011	0.3	0.13	0.189	0.7	9
11-Mar-12	35	0.075	0.013	0.303	0.05	0.249	0.69	9.3
18-Mar-12	1	0.03	0.018	0.344	0.2	0.168	0.76	11.2
18-Mar-12	3	0.028	0.018	0.337	0.27	0.137	0.79	11.5
18-Mar-12	5	0.032	0.018	0.338	0.09	0.252	0.73	10.5
18-Mar-12	10	0.024	0.018	0.341	0.15	0.207	0.74	10.3
18-Mar-12	15	0.03	0.018	0.326	0.21	0.146	0.73	6.9
18-Mar-12	20	0.038	0.017	0.343	0.06	0.102	0.56	10.6
18-Mar-12	25	0.066	0.016	0.339	0.04	0.139	0.6	9.8
18-Mar-12	30	0.076	0.015	0.33	0.05	0.179	0.65	8
18-Mar-12	35	0.069	0.016	0.329	0.01	0.226	0.65	7.5
25-Mar-12	1	0.028	0.018	0.33	0.84	0.094	1.31	-
25-Mar-12	3	0.021	0.018	0.346	0.65	0.085	1.12	-
25-Mar-12	5	0.022	0.019	0.36	0.37	0.069	0.84	12.2
25-Mar-12	10	0.027	0.019	0.354	0.28	0.09	0.77	11.4
25-Mar-12	15	0.041	0.019	0.347	0.1	0.093	0.6	10.9
25-Mar-12	20	0.047	0.019	0.352	0.02	0.142	0.58	10
25-Mar-12	25	0.05	0.02	0.342	0.07	0.098	0.58	10
25-Mar-12	30	0.058	0.026	0.331	0.06	0.105	0.58	8.6
25-Mar-12	35	0.061	0.031	0.358	0.01	0.11	0.57	7.2
01-Apr-12	1	0.034	0.019	0.275	0.53	0.222	1.08	14.4
01-Apr-12	3	0.019	0.019	0.276	0.34	0.246	0.9	14.1
01-Apr-12	5	0.019	0.02	0.314	0.27	0.097	0.72	12.8
01-Apr-12	10	0.024	0.022	0.354	0.1	0.24	0.74	11
01-Apr-12	15	0.038	0.029	0.352	0	0.241	0.66	9.1
01-Apr-12	20	0.036	0.038	0.325	0.05	0.291	0.74	8
01-Apr-12	25	0.032	0.034	0.341	0.01	0.143	0.56	8.4
01-Apr-12	30	0.025	0.026	0.361	0.26	0.168	0.84	8.1
01-Apr-12	35	0.036	0.027	0.348	0.03	0.119	0.56	6.4
15-Apr-12	1	0.009	0.016	0.246	0.69	0.169	1.13	16.6
15-Apr-12	3	0.005	0.016	0.236	0.99	0.153	1.4	17.7
15-Apr-12	5	0.014	0.017	0.272	0.35	0.137	0.79	12.4
15-Apr-12	10	0.025	0.019	0.275	0.33	0.131	0.78	8.2
15-Apr-12	15	0.022	0.01	0.34	0.01	0.158	0.54	5.9
15-Apr-12	20	0.024	0.005	0.361	0.15	0.14	0.68	6.1
15-Apr-12	25	0.013	0.008	0.374	0.08	0.205	0.68	6.1
15-Apr-12	30	0.013	0.006	0.383	0.05	0.168	0.62	6.1
15-Apr-12	35	0.022	0.012	0.376	0	0.21	0.62	5.7
15-Apr-12	38	0.053	0.019	0.327	0.06	0.161	0.62	2.9
22-Apr-12	1	0.01	0.015	0.198	0.55	0.257	1.03	14.6
22-Apr-12	3	0.009	0.017	0.201	0.44	0.233	0.9	12.6
22-Apr-12	5	0.011	0.017	0.212	0.19	0.28	0.71	12.3
22-Apr-12	10	0.01	0.018	0.23	0.08	0.272	0.61	9.3
22-Apr-12	15	0.018	0.017	0.248	0.18	0.247	0.71	7
22-Apr-12	20	0.016	0.017	0.31	0.19	0.197	0.73	4.3
22-Apr-12	25	0.014	0.021	0.315	0.07	0.22	0.64	3.7
22-Apr-12	30	0.016	0.022	0.327	0.06	0.225	0.65	3.6
22-Apr-12	35	0.019	0.023	0.331	0.06	0.157	0.59	3.5
29-Apr-12	1	0.029	0.015	0.219	0.49	0.197	0.95	13.8
29-Apr-12	3	0.025	0.015	0.214	0.49	0.186	0.93	13.7
29-Apr-12	5	0.026	0.015	0.208	0.23	0.211	0.69	13.4
29-Apr-12	10	0.027	0.016	0.21	0.1	0.197	0.55	11.6
29-Apr-12	15	0.039	0.017	0.237	0.09	0.197	0.58	5.5
29-Apr-12	20	0.033	0.013	0.335	0.01	0.169	0.56	3.9
29-Apr-12	25	0.028	0.015	0.355	0.05	0.142	0.59	4.2
29-Apr-12	30	0.041	0.028	0.333	0.03	0.168	0.6	2.4
29-Apr-12	35	0.049	0.026	0.299	0.05	0.156	0.58	1.5
06-May-12	1	0.008	0.014	0.173	1.09	0.105	1.39	12.2
06-May-12	3	0.009	0.014	0.173	0.86	0.064	1.12	11.8
06-May-12	5	0.01	0.014	0.178	0.31	0.078	0.59	11.4
06-May-12	10	0.018	0.017	0.187	0.29	0.058	0.57	6
06-May-12	15	0.023	0.019	0.197	0.12	0.041	0.4	3.8
06-May-12	20	0.022	0.017	0.245	0.07	0.046	0.4	1.9
06-May-12	25	0.01	0.01	0.339	0	0.111	0.47	3.6
06-May-12	30	0.04	0.03	0.293	0	0.107	0.47	1.5
06-May-12	35	0.05	0.04	0.262	0.07	0.038	0.46	0.7
06-May-12	38	0.015	0.013	0.346	0	0.096	0.47	2.9
13-May-12	1	0.021	0.014	0.163	0.82	0.072	1.09	11.3
13-May-12	3	0.021	0.015	0.164	1.74	0.14	2.08	11.5
13-May-12	5	0.02	0.015	0.166	0.78	0.119	1.1	11.3
13-May-12	10	0.02	0.015	0.17	0.24	0.045	0.49	9.5
13-May-12	12	0.037	0.022	0.154	0.087	0	0.3	2
13-May-12	13	0.04	0.025	0.189	0.016	0	0.27	0.7
13-May-12	15	0.034	0.022	0.263	0	0.121	0.44	1.5
13-May-12	20	0.021	0.012	0.332	0.05	0.025	0.44	2.3
13-May-12	25	0.045	0.022	0.311	0.032	0	0.41	2.2
13-May-12	30	0.177	0.002	0.005	0.19	0.006	0.38	0.1
13-May-12	35	0.181	0.002	-	0	0.037	0.22	0.4
13-May-12	38	0.184	0.002	0.005	0.01	0.019	0.22	-
20-May-12	1	0.022	0.014	0.125	0.31	0.249	0.72	10.9
20-May-12	3	0.013	0.014	0.117	0.61	0.186	0.94	11.2
20-May-12	5	0.017	0.015	0.121	0.3	0.177	0.63	10
20-May-12	10	0.017	0.016	0.128	0.08	0.269	0.51	8.8
20-May-12	13	0.043	0.074	0.044	0.12	0.199	0.48	1.9
20-May-12	15	0.06	0.067	0.06	0.07	0.193	0.45	0.4
20-May-12	17	0.041	0.056	0.164	0.08	0.189	0.53	0.2
20-May-12	20	0.02	0.031	0.239	0.11	0.18	0.58	0.5
20-May-12	25	0.04	0.007	0.292	0.03	0.211	0.58	0.9
20-May-12	30	0.151	0.005	0.018	0.1	0.196	0.47	0.2
20-May-12	35	0.165	0.002	-	0.05	0.263	0.48	0.1
20-May-12	38	0.169	0.002	-	0.06	0.219	0.45	0.2
28-May-12	1	0.064	0.015	0.111	0.21	0.3	0.7	7.8
28-May-12	3	0.058	0.015	0.106	0.21	0.371	0.76	7.4
28-May-12	5	0.052	0.015	0.105	0.33	0.288	0.79	7.4
28-May-12	10	0.06	0.015	0.092	0.29	0.253	0.71	5.3
28-May-12	13	0.084	0.012	0.059	0.22	0.275	0.65	2.5
28-May-12	14	0.092	0.008	0.043	0.23	0.227	0.6	1.8
28-May-12	15	0.093	0.004	0.028	0	0.395	0.52	1
28-May-12	20	0.077	0.027	0.088	0.05	0.208	0.45	0.2
28-May-12	25	0.132	0.002	0.01	0.13	0.166	0.44	0.1
28-May-12	30	0.167	0.002	0.005	0.13	0.176	0.48	0.1
28-May-12	35	0.214	0.002	0.005	0	0.339	0.56	0.1
28-May-12	38	0.223	0.002	0.009	0	0.316	0.55	0.1
03-Jun-12	1	0.044	0.012	0.099	0.21	0.255	0.62	8.3
03-Jun-12	3	0.041	0.012	0.094	0.07	0.283	0.5	8.2
03-Jun-12	5	0.035	0.012	0.092	0.2	0.251	0.59	8.2
03-Jun-12	10	0.097	0.011	0.086	0.04	0.266	0.5	4.3
03-Jun-12	11	0.096	0.01	0.069	0	0.255	0.43	2.4
03-Jun-12	12	0.126	0.005	0.031	0.02	0.268	0.45	0.2
03-Jun-12	13	0.117	0.005	0.021	0	0.447	0.59	0.2
03-Jun-12	15	0.12	0.002	0.008	0	0.19	0.32	0.1
03-Jun-12	20	0.083	0.016	0.073	0.06	0.198	0.43	0.1
03-Jun-12	25	0.057	0.016	0.194	0	0.153	0.42	0.2
03-Jun-12	30	0.194	0.002	0.009	0.06	0.195	0.46	0.1
03-Jun-12	35	0.255	0.002	0.007	0	0.226	0.49	0.1
03-Jun-12	38	0.281	0.002	0.016	0	0.201	0.5	0.1
10-Jun-12	1	0.036	0.009	0.07	0.28	0.225	0.62	8.2
10-Jun-12	3	0.04	0.01	0.072	0.18	0.268	0.57	7.8
10-Jun-12	5	0.039	0.01	0.071	0.17	0.28	0.57	6.9
10-Jun-12	10	0.053	0.01	0.072	0.17	0.265	0.57	6
10-Jun-12	13	0.093	0.008	0.064	0.18	0.235	0.58	4
10-Jun-12	14	0.136	0.005	0.042	0.13	0.267	0.58	3
10-Jun-12	15	0.136	0.002	0.019	0.06	0.293	0.51	0.9
10-Jun-12	20	0.133	0.002	0.006	0.11	0.219	0.47	0.1
10-Jun-12	25	0.134	0.002	0.005	0.04	0.219	0.4	0.1
10-Jun-12	30	0.096	0.009	0.087	0	0.258	0.45	0.1
10-Jun-12	35	0.263	0.002	0.009	0.11	0.246	0.63	0.1
10-Jun-12	38	0.321	0.002	0.03	0.03	0.217	0.6	0.1
17-Jun-12	1	0.022	0.01	0.073	0.1	0.185	0.39	9
17-Jun-12	3	0.014	0.008	0.046	0.15	0.192	0.41	9
17-Jun-12	5	0.011	0.008	0.048	0.25	0.173	0.49	9.1
17-Jun-12	10	0.016	0.008	0.051	0.22	0.175	0.47	8.6
17-Jun-12	14	0.096	0.007	0.046	0.07	0.191	0.41	2.5
17-Jun-12	15	0.109	0.005	0.03	0.06	0.186	0.39	1.3
17-Jun-12	16	0.135	0.002	0.017	0.03	0.356	0.54	1.3
17-Jun-12	20	0.138	0.002	-	0.01	0.21	0.36	0.1
17-Jun-12	25	0.144	0.002	-	0	0.154	0.3	0.1
17-Jun-12	30	0.167	0.002	-	0.03	0.151	0.35	0.1
17-Jun-12	35	0.329	0.002	-	0.06	0.169	0.56	0.1
17-Jun-12	38	0.341	0.002	-	0	0.167	0.51	0.1
24-Jun-12	1	0.021	0.003	0.013	0.18	0.213	0.43	9
24-Jun-12	3	0.021	0.003	0.013	0.15	0.233	0.42	8.9
24-Jun-12	5	0.021	0.004	0.01	0.2	0.185	0.42	8.7
24-Jun-12	10	0.022	0.004	0.015	0.19	0.199	0.43	8.2
24-Jun-12	11	0.047	0.005	0.021	0.1	0.207	0.38	4.7
24-Jun-12	12	0.083	0.005	0.023	0.12	0.189	0.42	3.1
24-Jun-12	13	0.119	0.003	0.016	0	0.352	0.49	0.7
24-Jun-12	15	0.155	0.002	0.007	0.07	0.236	0.47	0.1
24-Jun-12	20	0.17	0.002	0.005	0.05	0.243	0.47	0.1
24-Jun-12	25	0.13	0.002	0.011	0	0.227	0.37	0.1
24-Jun-12	30	0.316	0.002	-	0.03	0.202	0.55	0.1
24-Jun-12	35	0.353	0.002	-	0.07	0.195	0.62	0.1
24-Jun-12	38	0.361	0.002	-	0.04	0.247	0.65	0.1
01-Jul-12	1	0.015	0.002	0.01	0.14	0.163	0.33	7.9
01-Jul-12	3	0.009	0.002	0.007	0.2	0.122	0.34	7.8
01-Jul-12	5	0.008	0.002	0.007	0.17	0.103	0.29	7.8
01-Jul-12	10	0.012	0.002	0.009	0.14	0.127	0.29	7.4
01-Jul-12	14	0.094	0.002	0.008	0.25	0.106	0.46	3.4
01-Jul-12	15	0.115	0.002	0.006	0.21	0.067	0.4	2.4
01-Jul-12	16	0.169	0.002	0.005	0.09	0.114	0.38	0.8
01-Jul-12	20	0.183	0.002	-	0.13	0.065	0.38	0.1
01-Jul-12	25	0.16	0.002	-	0.19	0.068	0.42	0.1
01-Jul-12	30	0.395	0.002	-	0.1	0.063	0.56	0.1
01-Jul-12	35	0.406	0.002	-	0.06	0.112	0.58	0.1
01-Jul-12	38	0.407	0.002	-	0.14	0.101	0.65	0.1
08-Jul-12	1	0.025	0.002	0.008	0.16	0.135	0.33	7.4
08-Jul-12	3	0.024	0.002	0.008	0.13	0.186	0.35	7.9
08-Jul-12	5	0.02	0.002	0.005	0.14	0.123	0.29	7
08-Jul-12	10	0.026	0.002	0.006	0.05	0.206	0.29	6.5
08-Jul-12	14	0.128	0.002	0.006	0.11	0.174	0.42	2.1
08-Jul-12	15	0.167	0.002	0.007	0.03	0.214	0.42	0.7
08-Jul-12	16	0.193	0.002	0.007	0.01	0.248	0.46	0.4
08-Jul-12	17	0.201	0.002	0.005	0.01	0.172	0.39	0.1
08-Jul-12	20	0.212	0.002	-	0.01	0.226	0.45	0.1
08-Jul-12	25	0.291	0.002	-	0	0.187	0.48	0.1
08-Jul-12	30	0.339	0.002	-	0.05	0.149	0.54	0.1
08-Jul-12	35	0.415	0.002	-	0.12	0.173	0.71	0.1
08-Jul-12	37	0.413	0.002	-	0.06	0.195	0.67	0.1
15-Jul-12	1	0.005	0.002	0.005	0.12	0.148	0.28	7.6
15-Jul-12	3	0.006	0.002	-	0.09	0.172	0.27	7.6
15-Jul-12	5	0.007	0.002	0.008	0.12	0.163	0.3	7.7
15-Jul-12	10	0.007	0.002	0.005	0.12	0.166	0.3	7.3
15-Jul-12	13	0.124	0.002	0.01	0.09	0.164	0.39	2.9
15-Jul-12	14	0.087	0.002	0.008	0.17	0.133	0.4	0.8
15-Jul-12	15	0.143	0.002	0.011	0	0.304	0.46	1.4
15-Jul-12	20	0.236	0.002	0.005	0.04	0.177	0.46	0.1
15-Jul-12	25	0.319	0.002	-	0	0.199	0.52	0.1
15-Jul-12	30	0.464	0.002	-	0.04	0.184	0.69	0.1
15-Jul-12	35	0.519	0.002	-	0.01	0.149	0.68	0.1
15-Jul-12	38	0.525	0.002	-	0.03	0.243	0.8	0.1
22-Jul-12	1	0.017	0.002	0.005	0.18	0.196	0.4	7.8
22-Jul-12	3	0.006	0.002	-	0.22	0.202	0.43	8
22-Jul-12	5	0.009	0.002	-	0.27	0.159	0.44	7.3
22-Jul-12	10	0.005	0.002	-	0.25	0.203	0.46	7.5
22-Jul-12	14	0.041	0.002	-	0.21	0.157	0.41	3.9
22-Jul-12	15	0.084	0.002	0.006	0.16	0.208	0.46	1.6
22-Jul-12	16	0.22	0.002	-	0.18	0.208	0.61	0.1
22-Jul-12	20	0.28	0.002	-	0.13	0.208	0.62	0.1
22-Jul-12	25	0.298	0.002	-	0.11	0.26	0.67	0.1
22-Jul-12	30	0.487	0.002	-	0.02	0.191	0.7	0.1
22-Jul-12	35	0.497	0.002	-	0	0.201	0.7	0.1
22-Jul-12	38	0.51	0.002	-	0.08	0.228	0.82	0.1
29-Jul-12	1	0.005	0.002	-	0.22	0.133	0.36	7.1
29-Jul-12	3	0.005	0.002	-	0.19	0.153	0.35	7.1
29-Jul-12	5	0.008	0.002	-	0.15	0.17	0.33	7
29-Jul-12	10	0.005	0.002	0.007	0.18	0.156	0.35	6.8
29-Jul-12	13	0.005	0.002	-	0.25	0.153	0.41	6
29-Jul-12	14	0.022	0.002	-	0.15	0.186	0.36	3.8
29-Jul-12	15	0.071	0.002	0.01	0.11	0.197	0.39	1
29-Jul-12	20	0.356	0.002	-	0	0.212	0.57	0.1
29-Jul-12	25	0.308	0.002	-	0.08	0.12	0.51	0.1
29-Jul-12	30	0.544	0.002	-	0.08	0.124	0.75	0.1
29-Jul-12	35	0.585	0.002	-	0.12	0.163	0.87	0.1
29-Jul-12	38	0.585	0.002	-	0.02	0.193	0.8	0.1
05-Aug-12	1	0.011	0.002	0.009	0.1	0.198	0.32	6.9
05-Aug-12	3	0.007	0.002	0.005	0.16	0.196	0.37	6.8
05-Aug-12	5	0.008	0.002	0.006	0.1	0.204	0.32	6.8
05-Aug-12	10	0.013	0.002	0.007	0.18	0.198	0.4	6.6
05-Aug-12	15	0.105	0.002	0.009	0.05	0.254	0.42	2.7
05-Aug-12	16	0.335	0.003	-	0.03	0.212	0.58	0.1
05-Aug-12	17	0.342	0.002	-	0	0.226	0.57	0.1
05-Aug-12	20	0.319	0.002	-	0.01	0.199	0.53	0.1
05-Aug-12	25	0.325	0.002	-	0	0.283	0.61	0.1
05-Aug-12	30	0.576	0.002	-	0.01	0.252	0.84	0.1
05-Aug-12	35	0.646	0.002	-	0.01	0.312	0.97	0.1
05-Aug-12	37	0.656	0.002	-	0.04	0.302	1	0.1
12-Aug-12	1	0.005	0.002	0.012	0.09	0.241	0.35	6.8
12-Aug-12	3	0.005	0.002	0.006	0.11	0.287	0.41	7
12-Aug-12	5	0.005	0.002	0.013	0.06	0.21	0.29	6.9
12-Aug-12	10	0.005	0.002	0.007	0.01	0.296	0.32	6.8
12-Aug-12	13	0.008	0.002	0.01	0.05	0.23	0.3	6.2
12-Aug-12	14	0.033	0.002	0.007	0.12	0.268	0.43	4.9
12-Aug-12	15	0.324	0.002	-	0.12	0.204	0.65	0.1
12-Aug-12	20	0.366	0.004	-	0.01	0.29	0.67	0.1
12-Aug-12	25	0.413	0.002	-	0.34	0.135	0.89	0.1
12-Aug-12	30	0.524	0.002	-	0	0.254	0.78	0.1
12-Aug-12	35	0.642	0.002	-	0.2	0.076	0.92	0.1
19-Aug-12	1	0.01	0.002	0.009	0.08	0.219	0.32	7.2
19-Aug-12	3	0.013	0.002	0.009	0.06	0.186	0.27	7.7
19-Aug-12	5	0.008	0.002	0.008	0.04	0.212	0.27	7.6
19-Aug-12	10	0.003	0.002	0.006	0.03	0.229	0.27	7.3
19-Aug-12	15	0.11	0.002	0.011	0.09	0.217	0.43	2.8
19-Aug-12	16	0.19	0.002	0.009	0.05	0.209	0.46	1.7
19-Aug-12	17	0.27	0.002	0.01	0.02	0.228	0.53	0.1
19-Aug-12	20	0.32	0.002	-	0.1	0.298	0.72	0.1
19-Aug-12	25	0.4	0.002	-	0.03	0.338	0.77	0.1
19-Aug-12	30	0.57	0.002	-	0.02	0.278	0.87	0.1
19-Aug-12	35	0.69	0.002	-	0.07	0.198	0.96	0.1
26-Aug-12	1	0.005	0.002	0.01	0.02	0.303	0.34	7.1
26-Aug-12	3	0.005	0.002	-	0.06	0.273	0.34	7.2
26-Aug-12	5	0.005	0.002	0.01	0.16	0.233	0.41	6.69
26-Aug-12	10	0.005	0.002	-	0.1	0.193	0.3	-
26-Aug-12	13	0.005	0.002	-	0.03	0.293	0.33	6.1
26-Aug-12	14	0.005	0.002	0.048	0.07	0.225	0.35	3.4
26-Aug-12	15	0.04	0.002	0.006	0	0.482	0.53	0.7
26-Aug-12	20	0.152	0.002	-	0.17	0.316	0.64	0.1
26-Aug-12	25	0.34	0.002	-	0.05	0.448	0.84	0.1
26-Aug-12	30	0.531	0.002	-	0	0.327	0.86	0.1
26-Aug-12	35	0.68	0.002	-	0.07	0.248	1	0.1
02-Sep-12	1	0.009	0.002	0.007	0.13	0.232	0.38	7.1
02-Sep-12	3	0.01	0.002	0.014	0.11	0.244	0.38	7.1
02-Sep-12	5	0.014	0.002	0.016	0.02	0.328	0.38	7
02-Sep-12	10	0.009	0.002	-	0.12	0.219	0.35	6.7
02-Sep-12	14	0.065	0.002	-	0.12	0.253	0.44	4.4
02-Sep-12	15	0.237	0.002	0.008	0.07	0.253	0.57	0.2
02-Sep-12	16	0.225	0.002	-	0.07	0.273	0.57	0.8
02-Sep-12	20	0.385	0.002	-	0.01	0.213	0.61	0.1
02-Sep-12	25	0.464	0.002	-	0.02	0.234	0.72	0.1
02-Sep-12	30	0.698	0.002	-	0	0.23	0.93	0.1
02-Sep-12	35	0.81	0.002	-	0.09	0.228	1.13	0.1
09-Sep-12	1	0.005	0.002	0.006	0.12	0.237	0.37	7.3
09-Sep-12	3	0.005	0.002	-	0.15	0.263	0.42	6.6
09-Sep-12	5	0.005	0.002	0.005	0.11	0.238	0.36	7
09-Sep-12	10	0.005	0.002	-	0.12	0.243	0.37	6.8
09-Sep-12	14	0.0316	0.002	-	0.05	0.3064	0.39	6.7
09-Sep-12	15	0.115	0.002	0.009	0.01	0.314	0.45	4.8
09-Sep-12	16	0.179	0.002	-	0.03	0.249	0.46	2.7
09-Sep-12	20	0.367	0.002	-	0.08	0.211	0.66	1.4
09-Sep-12	25	0.434	0.002	-	0.06	0.204	0.7	0.1
09-Sep-12	30	0.81	0.002	-	0	0.078	0.89	0.1
09-Sep-12	35	0.833	0.002	-	0.09	0.165	1.09	0.1
09-Sep-12	37	0.862	0.002	-	0.1	0.126	1.09	0.1
23-Sep-12	1	0.008	0.002	-	0.11	0.18	0.3	7.9
23-Sep-12	3	0.005	0.002	0.005	0.15	0.088	0.25	8.7
23-Sep-12	5	0.007	0.002	-	0.11	0.151	0.27	8.8
23-Sep-12	10	0.005	0.002	-	0.12	0.133	0.26	8.1
23-Sep-12	15	0.09	0.002	-	0.1	0.198	0.39	5.1
23-Sep-12	16	0.127	0.002	-	0.18	0.081	0.39	4.2
23-Sep-12	17	0.256	0.002	-	0.19	0.072	0.52	1.7
23-Sep-12	18	0.465	0.002	-	0.02	0.123	0.61	0.1
23-Sep-12	20	0.442	0.002	-	0	0.126	0.57	0.1
23-Sep-12	25	0.498	0.002	-	0.07	0.11	0.68	0.1
23-Sep-12	30	0.641	0.002	-	0	0.097	0.74	0.1
23-Sep-12	35	0.916	0.002	-	0	0.212	1.13	0.1
23-Sep-12	37	0.977	0.002	-	0.05	0.241	1.27	0.1
09-Oct-12	1	0.011	0.002	0.01	0.01	0.257	0.29	7.8
09-Oct-12	3	0.021	0.002	0.02	0	0.337	0.38	7.8
09-Oct-12	5	0.015	0.002	0.012	0.03	0.241	0.3	7.4
09-Oct-12	10	0.01	0.002	0.01	0.05	0.228	0.3	7.2
09-Oct-12	15	0.011	0.002	0.017	0.12	0.14	0.29	7.2
09-Oct-12	16	0.009	0.002	0.014	0.12	0.165	0.31	7.5
09-Oct-12	17	0.289	0.002	0.015	0.1	0.184	0.59	0.1
09-Oct-12	18	0.336	0.002	-	0.06	0.192	0.59	-
09-Oct-12	20	0.399	0.002	-	0.11	0.139	0.65	0.6
09-Oct-12	25	0.598	0.002	-	0.06	0.1	0.76	0.1
09-Oct-12	30	0.674	0.002	-	0	0.184	0.86	0.1
09-Oct-12	35	1.06	0.002	-	0.07	0.148	1.28	0.1
14-Oct-12	1	0.011	0.002	0.017	0.2	0.09	0.32	8.5
14-Oct-12	3	0.029	0.002	0.029	0.08	0.11	0.25	8.7
14-Oct-12	5	0.023	0.002	0.024	0	0.191	0.24	8.7
14-Oct-12	10	0.014	0.002	0.019	0.02	0.195	0.25	8.4
14-Oct-12	15	0.034	0.002	0.033	0.05	0.181	0.3	8
14-Oct-12	16	0.168	0.002	0.026	0.16	0.054	0.41	3.2
14-Oct-12	17	0.224	0.002	0.026	0.09	0.198	0.54	1.8
14-Oct-12	20	0.436	0.002	-	0.04	0.202	0.68	0.1
14-Oct-12	25	0.411	0.002	-	0	0.217	0.63	0.1
14-Oct-12	30	0.644	0.002	-	0.02	0.094	0.76	0.1
14-Oct-12	35	0.886	0.002	-	0.02	0.222	1.13	0.1
21-Oct-12	1	0.005	0.002	0.007	0.05	0.266	0.33	8.9
21-Oct-12	3	0.006	0.002	-	0.01	0.252	0.27	8.4
21-Oct-12	5	0.005	0.002	-	0.01	0.183	0.2	8.3
21-Oct-12	10	0.005	0.002	-	0	0.193	0.2	8
21-Oct-12	15	0.005	0.002	-	0.01	0.203	0.22	7.9
21-Oct-12	17	0.056	0.002	-	0	0.242	0.3	5.9
21-Oct-12	18	0.142	0.002	-	0.11	0.176	0.43	4.2
21-Oct-12	19	0.41	0.002	-	0	0.328	0.74	-
21-Oct-12	20	0.435	0.002	-	0.02	0.343	0.8	0.1
21-Oct-12	25	0.634	0.002	-	0	0.154	0.79	0.1
21-Oct-12	30	0.78	0.002	-	0.19	0.348	1.32	0.1
21-Oct-12	35	1.11	0.002	-	0.13	0.218	1.46	0.1
28-Oct-12	1	0.031	0.002	0.015	0.19	0.052	0.29	8.2
28-Oct-12	3	0.024	0.002	0.009	0.09	0.135	0.26	7.7
28-Oct-12	5	0.025	0.002	0.011	0.25	0.072	0.36	7.5
28-Oct-12	10	0.027	0.002	0.008	0.26	0.073	0.37	7.7
28-Oct-12	15	0.03	0.002	0.009	0.21	0.099	0.35	7.2
28-Oct-12	18	0.084	0.002	0.01	0.2	0.074	0.37	6.5
28-Oct-12	19	0.54	0.002	-	0.08	0.238	0.86	0.1
28-Oct-12	20	0.399	0.002	-	0.28	0.059	0.74	1.3
28-Oct-12	25	0.572	0.002	-	0.31	0.006	0.89	0.1
28-Oct-12	30	0.681	0.002	-	0.277	0	0.96	0.1
28-Oct-12	35	1.05	0.002	-	0.238	0	1.29	0.1
05-Nov-12	1	0.018	0.002	0.01	0	0.2	0.23	8
05-Nov-12	3	0.016	0.002	0.009	0.04	0.133	0.2	8.1
05-Nov-12	5	0.016	0.002	0.006	0.11	0.136	0.27	8
05-Nov-12	10	0.017	0.002	0.008	0.09	0.113	0.23	7.7
05-Nov-12	15	0.022	0.002	0.009	0.04	0.127	0.2	7.5
05-Nov-12	18	0.024	0.002	0.009	0.07	0.145	0.25	7.8
05-Nov-12	19	0.159	0.002	0.006	0.17	0.103	0.44	4.9
05-Nov-12	20	0.323	0.002	-	0.06	0.205	0.59	2.3
05-Nov-12	25	0.511	0.002	-	0.02	0.067	0.6	0.1
05-Nov-12	30	0.696	0.002	-	0.06	0.042	0.8	0.1
12-Nov-12	1	0.063	0.002	0.02	0.04	0.155	0.28	6.9
12-Nov-12	3	0.066	0.002	0.019	0.07	0.163	0.32	6.8
12-Nov-12	5	0.064	0.002	0.015	0.11	0.149	0.34	6.9
12-Nov-12	10	0.064	0.002	0.017	0.08	0.147	0.31	6.8
12-Nov-12	15	0.063	0.002	0.011	0.07	0.154	0.3	6.7
12-Nov-12	19	0.137	0.002	0.017	0.13	0.134	0.42	0.9
12-Nov-12	20	0.368	0.002	-	0.05	0.23	0.65	1.2
12-Nov-12	21	0.477	0.002	-	0.03	0.201	0.71	0.2
12-Nov-12	25	0.564	0.002	-	0.01	0.174	0.75	0.1
12-Nov-12	30	0.767	0.002	-	0	0.121	0.89	0.1
12-Nov-12	35	1.08	0.002	-	0.07	0.198	1.35	0.1
18-Nov-12	1	0.068	0.002	0.015	0.1	0.035	0.22	7.5
18-Nov-12	3	0.066	0.002	0.014	0.11	0.078	0.27	7.5
18-Nov-12	5	0.069	0.002	0.014	0.13	0.055	0.27	7.3
18-Nov-12	10	0.069	0.002	0.013	0.05	0.106	0.24	-
18-Nov-12	15	0.085	0.002	0.013	0.11	0.04	0.25	7.1
18-Nov-12	19	0.092	0.002	0.012	0.16	0.064	0.33	6.9
18-Nov-12	20	0.227	0.002	0.01	0.03	0.071	0.34	4.5
18-Nov-12	21	0.484	0.002	-	0.14	0.164	0.79	0.2
18-Nov-12	25	0.726	0.002	-	0.32	0.132	1.18	0.1
18-Nov-12	30	1.04	0.002	-	0	0.268	1.31	0.1
18-Nov-12	35	1.27	0.002	-	0	0.128	1.4	0.1
25-Nov-12	1	0.111	0.002	0.016	0.03	0.041	0.2	7
25-Nov-12	3	0.115	0.002	0.018	0.05	0.025	0.21	6.9
25-Nov-12	5	0.117	0.002	0.02	0.05	0.021	0.21	7
25-Nov-12	10	0.115	0.002	0.019	0.07	0.034	0.24	7
25-Nov-12	15	0.116	0.002	0.016	0.07	0.036	0.24	6.9
25-Nov-12	20	0.119	0.002	0.015	0.03	0.034	0.2	6.8
25-Nov-12	21	0.236	0.002	0.019	0.03	0.043	0.33	3.9
25-Nov-12	22	0.41	0.002	-	0.12	0.058	0.59	2.3
25-Nov-12	23	0.623	0.002	-	0.02	0.045	0.69	1
25-Nov-12	25	0.708	0.002	-	0.01	0.03	0.75	0.1
25-Nov-12	30	0.813	0.002	-	0	0	0.77	0.1
25-Nov-12	35	1.18	0.002	-	0.088	0	1.27	0.1
02-Dec-12	1	0.135	0.002	0.021	0.08	0.092	0.33	6.9
02-Dec-12	3	0.136	0.002	0.021	0.09	0.121	0.37	7
02-Dec-12	5	0.136	0.002	0.02	0	0.092	0.25	7
02-Dec-12	10	0.138	0.002	0.02	0.11	0.07	0.34	6.8
02-Dec-12	15	0.141	0.002	0.025	0.04	0.092	0.3	6.8
02-Dec-12	20	0.147	0.002	0.022	0.07	0.129	0.37	6.6
02-Dec-12	22	0.154	0.002	0.021	0.04	0.143	0.36	6.7
02-Dec-12	23	0.462	0.002	0	0	0.086	0.55	4.5
02-Dec-12	24	0.955	0.003	0	0.06	0.092	1.11	0.1
02-Dec-12	25	1	0.006	0	0.02	0.144	1.17	0.1
02-Dec-12	30	1.26	0.002	0	0	0.198	1.46	0.1
02-Dec-12	35	1.49	0.002	0	0.14	0.198	1.83	0.1
09-Dec-12	1	0.17	0.002	0.024	0.1	0.054	0.35	7
09-Dec-12	3	0.177	0.002	0.023	0.06	0.048	0.31	7
09-Dec-12	5	0.174	0.002	0.022	0.02	0.092	0.31	6.7
09-Dec-12	10	0.177	0.002	0.022	0.02	0.089	0.31	6.4
09-Dec-12	15	0.174	0.002	0.021	0	0.113	0.31	6.5
09-Dec-12	20	0.196	0.002	0.026	0	0.046	0.27	6.7
09-Dec-12	23	0.671	0.002	0	0.03	0.197	0.9	0.1
09-Dec-12	24	0.83	0.002	0	0.04	0.238	1.11	0.1
09-Dec-12	25	1.43	0.002	0	0.118	0	1.55	0.1
09-Dec-12	30	1.12	0.002	0	0.108	0	1.23	0.1
09-Dec-12	35	1.48	0.002	0	0	0.228	1.71	0.1
16-Dec-12	1	0.201	0.002	0.024	0.03	0.113	0.37	7.4
16-Dec-12	3	0.2	0.002	0.023	0.1	0.055	0.38	7.1
16-Dec-12	5	0.204	0.002	0.021	0.14	0.053	0.42	7
16-Dec-12	10	0.21	0.002	0.021	0.12	0.077	0.43	7.1
16-Dec-12	15	0.21	0.002	0.018	0.08	0.06	0.37	6.8
16-Dec-12	20	0.233	0.002	0.02	0	0.105	0.36	6.6
16-Dec-12	21	0.55	0.002	0	0.09	0.038	0.68	1.8
16-Dec-12	22	0.755	0.003	0	0.03	0.022	0.81	0.1
16-Dec-12	25	0.815	0.002	0	0.06	0.093	0.97	0.1
16-Dec-12	30	1.14	0.002	0	0.03	0.128	1.3	0.1
16-Dec-12	35	1.46	0.002	0	0.05	0.038	1.55	0.1
23-Dec-12	1	0.249	0.002	0.024	0.08	0.185	0.54	6.1
23-Dec-12	3	0.245	0.003	0.024	0	0.198	0.47	6.1
23-Dec-12	5	0.247	0.002	0.022	0	0.199	0.47	6.2
23-Dec-12	10	0.252	0.002	0.023	0	0.203	0.48	6.1
23-Dec-12	15	0.258	0.002	0.023	0.01	0.177	0.47	6.1
23-Dec-12	19	0.621	0.002	0	0.07	0.197	0.89	0.2
23-Dec-12	20	0.9	0.002	0	0.04	0.168	1.11	0.1
23-Dec-12	21	0.873	0.002	0	0.14	0.255	1.27	0.1
23-Dec-12	25	1.37	0.002	0	0.08	0.188	1.64	0.1
23-Dec-12	30	1.42	0.002	0	0.12	0.138	1.68	0.1
23-Dec-12	35	1.54	0.002	0	0.18	0.118	1.84	0.1
30-Dec-12	1	0.167	0.065	0.074	0.06	0.074	0.44	6.9
30-Dec-12	3	0.176	0.067	0.084	0.03	0.083	0.44	6.9
30-Dec-12	5	0.174	0.066	0.076	0.03	0.044	0.39	7
30-Dec-12	10	0.174	0.066	0.075	0.01	0.065	0.39	6.9
30-Dec-12	15	0.18	0.067	0.075	0	0.048	0.37	6.8
30-Dec-12	20	0.179	0.066	0.086	0	0.089	0.42	6.8
30-Dec-12	25	0.234	0.056	0.069	0.03	0.001	0.39	5.5
30-Dec-12	27	0.453	0.028	0	0	0.149	0.63	3.1
30-Dec-12	28	0.738	0.003	0	0.09	0.129	0.96	0
30-Dec-12	30	1.02	0.007	0	0.14	0.033	1.2	0
30-Dec-12	35	1.29	0.012	0	0.168	0	1.47	0
06-Jan-13	1	0.069	0.191	0.11	0	0.18	0.55	6.7
06-Jan-13	3	0.071	0.194	0.107	0.02	0.188	0.58	6.6
06-Jan-13	5	0.075	0.193	0.108	0.17	0.194	0.74	6.8
06-Jan-13	10	0.075	0.193	0.11	0	0.172	0.55	6.7
06-Jan-13	15	0.068	0.193	0.106	0	0.153	0.52	6.7
06-Jan-13	20	0.075	0.191	0.113	0	0.181	0.56	6.6
06-Jan-13	25	0.08	0.19	0.107	0	0.183	0.56	6.5
06-Jan-13	27	0.11	0.182	0.101	0.06	0.247	0.7	6
06-Jan-13	28	0.943	0.036	-	0.01	0.171	1.16	0
06-Jan-13	29	1.2	0.017	-	0.13	0.163	1.51	0
06-Jan-13	30	1.29	0.017	-	0.09	0.143	1.54	0
06-Jan-13	35	1.61	0.013	-	0	0.167	1.79	0
15-Jan-13	1	0.135	0.11	0.24	0.02	0.255	0.76	4.9
15-Jan-13	3	0.126	0.112	0.245	0.05	0.227	0.76	5.1
15-Jan-13	5	0.132	0.114	0.26	0.04	0.194	0.74	5.3
15-Jan-13	10	0.115	0.115	0.281	0.03	0.199	0.74	5.4
15-Jan-13	15	0.133	0.112	0.276	0.04	0.189	0.75	5.5
15-Jan-13	20	0.096	0.113	0.315	0.01	0.236	0.77	5.9
15-Jan-13	25	0.125	0.113	0.31	0.08	0.142	0.77	5.6
15-Jan-13	30	0.139	0.101	0.246	0.01	0.184	0.68	5.4
15-Jan-13	35	0.136	0.103	0.24	0.01	0.221	0.71	4.8
20-Jan-13	1	0.037	0.009	0.437	0.12	0.147	0.75	5.6
20-Jan-13	3	0.037	0.009	0.448	0.09	0.206	0.79	6.7
20-Jan-13	5	0.037	0.009	0.434	0	0.22	0.7	7.2
20-Jan-13	10	0.039	0.009	0.438	0	0.174	0.66	7.2
20-Jan-13	15	0.037	0.009	0.433	0.2	0.101	0.78	7.1
20-Jan-13	20	0.04	0.009	0.435	0.02	0.196	0.7	7.2
20-Jan-13	25	0.044	0.01	0.418	0.02	0.158	0.65	7.6
20-Jan-13	30	0.05	0.011	0.412	0.02	0.137	0.63	7.1
20-Jan-13	35	0.056	0.012	0.41	0.02	0.232	0.73	7
20-Jan-13	38	0.136	0.017	0.345	0.09	0.132	0.72	5.7
20-Jan-13	39	0.4	0.009	0.269	0.18	0.102	0.96	3.7
27-Jan-13	1	0.005	0.018	0.42	0.14	0.227	0.81	10.4
27-Jan-13	3	0.008	0.017	0.427	0.14	0.248	0.84	10.8
27-Jan-13	5	0.015	0.018	0.478	0.05	0.209	0.77	8.6
27-Jan-13	10	0.03	0.019	0.472	0	0.239	0.76	7.4
27-Jan-13	15	0.039	0.022	0.456	0	0.223	0.74	7
27-Jan-13	20	0.036	0.024	0.453	0	0.207	0.72	7
27-Jan-13	25	0.032	0.023	0.474	0	0.281	0.81	6.1
27-Jan-13	30	0.03	0.025	0.47	0	0.245	0.77	6.1
27-Jan-13	35	0.05	0.03	0.453	0.05	0.197	0.78	5.9
27-Jan-13	39	0.13	0.042	0.359	0.02	0.179	0.73	5.4
03-Feb-13	1	0.019	0.011	0.514	0.02	0.176	0.74	7.1
03-Feb-13	3	0.019	0.011	0.524	0.04	0.166	0.76	7.6
03-Feb-13	5	0.02	0.011	0.496	0.08	0.173	0.78	7.5
03-Feb-13	15	0.023	0.011	0.497	0.1	0.149	0.78	7.4
03-Feb-13	20	0.017	0.012	0.522	0.02	0.209	0.78	7
03-Feb-13	25	0.02	0.013	0.514	0.02	0.203	0.77	6.2
03-Feb-13	30	0.02	0.013	0.526	0.01	0.171	0.74	6.9
03-Feb-13	35	0.026	0.012	0.523	0.09	0.139	0.79	6.9
03-Feb-13	38	0.023	0.012	0.499	0	0.186	0.72	6.8
10-Feb-13	1	0.008	0.012	0.485	0.11	0.325	0.94	9.9
10-Feb-13	3	0.009	0.012	0.477	0.2	0.232	0.93	9.9
10-Feb-13	5	0.008	0.011	0.481	0.09	0.31	0.9	9.1
10-Feb-13	10	0.013	0.011	0.516	0.05	0.23	0.82	7.9
10-Feb-13	15	0.012	0.011	0.519	0.06	0.148	0.75	7.7
10-Feb-13	20	0.021	0.012	0.528	0.08	0.249	0.89	7.2
10-Feb-13	25	0.021	0.013	0.561	0.22	0.175	0.99	7.3
10-Feb-13	30	0.019	0.013	0.577	0.02	0.241	0.87	7.4
10-Feb-13	35	0.024	0.015	0.571	0	0.22	0.83	6.9
10-Feb-13	39	0.023	0.016	0.568	0.06	0.203	0.87	7.1
17-Feb-13	1	0.007	0.011	0.535	0	0.167	0.72	8.7
17-Feb-13	3	0.007	0.012	0.528	0.04	0.223	0.81	9
17-Feb-13	5	0.008	0.012	0.563	0.03	0.087	0.7	8.9
17-Feb-13	10	0.009	0.012	0.528	0	0.151	0.7	8.7
17-Feb-13	15	0.009	0.011	0.527	0.05	0.273	0.87	8.7
17-Feb-13	20	0.011	0.014	0.523	0.09	0.152	0.79	9.6
17-Feb-13	25	0.009	0.012	0.533	0.13	0.216	0.9	8.9
17-Feb-13	30	0.016	0.015	0.548	0	0.241	0.82	7.9
17-Feb-13	35	0.019	0.017	0.558	0.09	0.136	0.82	7
17-Feb-13	39	0.029	0.02	0.557	0	0.114	0.72	6.8
24-Feb-13	1	0.006	0.012	0.522	0.06	0.21	0.81	9.4
24-Feb-13	3	0.007	0.012	0.526	0.08	0.225	0.85	10.1
24-Feb-13	5	0.009	0.012	0.546	0.2	0.083	0.85	9.7
24-Feb-13	10	0.011	0.012	0.531	0.07	0.156	0.78	9.8
24-Feb-13	15	0.017	0.012	0.544	0.02	0.197	0.79	8.9
24-Feb-13	20	0.014	0.013	0.562	0	0.171	0.76	8.3
24-Feb-13	25	0.016	0.014	0.57	0.02	0.19	0.81	8.4
24-Feb-13	30	0.013	0.017	0.588	0	0.222	0.84	7.1
24-Feb-13	35	0.014	0.022	0.6	0	0.214	0.85	6.5
24-Feb-13	39	0.025	0.023	0.59	0.03	0.192	0.86	5.8
03-Mar-13	1	0.008	0.015	0.543	0.27	0.074	0.91	8.8
03-Mar-13	3	0.008	0.015	0.5	0.28	0.137	0.94	10.2
03-Mar-13	5	0.007	0.015	0.501	0.17	0.157	0.85	-
03-Mar-13	10	0.028	0.017	0.53	0.1	0.155	0.83	-
03-Mar-13	15	0.028	0.018	0.531	0	0.113	0.69	8
03-Mar-13	20	0.029	0.02	0.534	0	0.137	0.72	7
03-Mar-13	25	0.033	0.026	0.549	0.05	0.132	0.79	7.9
03-Mar-13	30	0.028	0.037	0.568	0.03	0.117	0.78	7.4
03-Mar-13	35	0.01	0.02	0.583	0.05	0.107	0.77	6.4
03-Mar-13	39	0.013	0.017	0.584	0.05	0.146	0.81	5.4
10-Mar-13	1	0.008	0.021	0.529	0.14	0.142	0.84	9
10-Mar-13	3	0.018	0.02	0.516	0.18	0.156	0.89	9.5
10-Mar-13	5	0.012	0.02	0.52	0.23	0.188	0.97	9.2
10-Mar-13	10	0.01	0.02	0.52	0.04	0.26	0.85	9.2
10-Mar-13	15	0.01	0.02	0.516	0.04	0.254	0.84	8.2
10-Mar-13	20	0.015	0.02	0.518	0.15	0.097	0.8	9
10-Mar-13	25	0.011	0.02	0.52	0	0.219	0.77	8.5
10-Mar-13	30	0.009	0.019	0.527	0.04	0.215	0.81	8.9
10-Mar-13	35	0.01	0.019	0.517	0.22	0.074	0.84	8.5
10-Mar-13	40	0.012	0.02	0.522	0.06	0.176	0.79	7.9
17-Mar-13	1	0.012	0.02	0.514	0.03	0.304	0.88	9.5
17-Mar-13	3	0.014	0.021	0.508	0.07	0.197	0.81	9.8
17-Mar-13	5	0.016	0.021	0.514	0.15	0.259	0.96	9.6
17-Mar-13	10	0.019	0.021	0.524	0.02	0.276	0.86	9.3
17-Mar-13	15	0.015	0.014	0.568	0	0.263	0.86	8.1
17-Mar-13	20	0.009	0.01	0.583	0.05	0.228	0.88	7.7
17-Mar-13	25	0.015	0.016	0.579	0.05	0.24	0.9	7.6
17-Mar-13	30	0.014	0.024	0.557	0	0.265	0.86	6.8
17-Mar-13	35	0.014	0.024	0.547	0.14	0.305	1.03	6
17-Mar-13	40	0.012	0.023	0.532	0.1	0.243	0.91	5.9
02-Apr-13	1	0.005	0.018	0.374	0.46	0.223	1.08	12.8
02-Apr-13	3	0.008	0.018	0.374	0.2	0.28	0.88	12.7
02-Apr-13	5	0.012	0.018	0.385	0.08	0.225	0.72	11.4
02-Apr-13	10	0.012	0.018	0.404	0.16	0.236	0.83	10.5
02-Apr-13	15	0.018	0.022	0.471	0	0.209	0.72	8.4
02-Apr-13	20	0.01	0.012	0.545	0.3	0.273	1.14	6.6
02-Apr-13	25	0.012	0.005	0.591	0.2	0.352	1.16	6.1
02-Apr-13	30	0.006	0.003	0.603	0	0.228	0.84	5.7
02-Apr-13	35	0.012	0.004	0.618	0.08	0.326	1.04	4.8
02-Apr-13	39	0.019	0.008	0.606	0.15	0.217	1	3.9
07-Apr-13	1	0.008	0.019	0.383	0.37	0.18	0.96	11.5
07-Apr-13	3	0.009	0.02	0.381	0.28	0.18	0.87	-
07-Apr-13	5	0.007	0.019	0.385	0.24	0.179	0.83	11.2
07-Apr-13	10	0.009	0.021	0.421	0.18	0.159	0.79	9.8
07-Apr-13	15	0.012	0.023	0.451	0.07	0.164	0.72	9
07-Apr-13	20	0.016	0.022	0.477	0.1	0.155	0.77	8.6
07-Apr-13	25	0.011	0.009	0.568	0.02	0.152	0.76	5.2
07-Apr-13	30	0.008	0.005	0.606	0.06	0.111	0.79	4.8
07-Apr-13	35	0.007	0.006	0.62	0	0.157	0.79	4.1
07-Apr-13	39	0.011	0.008	0.599	0.04	0.152	0.81	3.8
21-Apr-13	1	0.005	0.02	0.32	-	-	0.42	11.6
21-Apr-13	3	0.005	0.018	0.327	-	-	0.5	11.2
21-Apr-13	5	0.005	0.018	0.317	-	-	0.47	11.2
21-Apr-13	10	0.005	0.018	0.312	-	-	0.48	10.9
21-Apr-13	15	0.008	0.018	0.338	-	-	0.41	10.2
21-Apr-13	20	0.01	0.013	0.442	-	-	0.51	5.9
21-Apr-13	25	0.007	0.002	0.56	-	-	0.58	4.7
21-Apr-13	30	0.009	0.002	0.592	-	-	0.56	4.2
21-Apr-13	35	0.035	0.016	0.494	-	-	0.51	1.6
21-Apr-13	39	0.031	0.013	0.509	-	-	0.5	1.3
28-Apr-13	1	0.013	0.017	0.283	0.25	0.317	0.88	16.8
28-Apr-13	3	0.017	0.017	0.266	0.25	0.41	0.96	17.3
28-Apr-13	5	0.019	0.017	0.283	0.09	0.331	0.74	16.6
28-Apr-13	10	0.018	0.018	0.314	0	0.31	0.66	12
28-Apr-13	15	0.025	0.019	0.344	0.13	0.212	0.73	9.6
28-Apr-13	20	0.03	0.008	0.495	0	0.407	0.94	4.9
28-Apr-13	25	0.022	0.002	0.598	0	0.458	1.08	4.1
28-Apr-13	30	0.018	0.002	0.618	0.02	0.432	1.09	3.5
28-Apr-13	35	0.051	0.043	0.48	0.05	0.416	1.04	0.8
28-Apr-13	39	0.061	0.042	0.468	0.01	0.299	0.88	0.5
05-May-13	1	0.005	0.014	0.227	0	0.304	0.55	15.1
05-May-13	3	0.005	0.014	0.225	0.24	0.306	0.79	15.1
05-May-13	5	0.005	0.014	0.222	0.32	0.239	0.8	15.1
05-May-13	10	0.005	0.018	0.285	0.19	0.212	0.71	9.6
05-May-13	15	0.005	0.017	0.334	0.2	0.214	0.77	5.7
05-May-13	20	0.011	0.008	0.462	0.16	0.219	0.86	2.4
05-May-13	25	0.005	0.002	0.555	0.15	0.278	0.99	2.4
05-May-13	30	0.005	0.003	0.564	0.06	0.378	1.01	2.5
05-May-13	35	0.076	0.273	0.078	0.17	0.203	0.8	0.1
05-May-13	39	0.098	0.229	0.008	0.13	0.225	0.69	0.1
12-May-13	1	0.005	0.012	0.213	0.14	0.36	0.73	13
12-May-13	3	0.005	0.013	0.211	0.22	0.381	0.83	13.1
12-May-13	5	0.005	0.013	0.217	0.32	0.275	0.83	12.6
12-May-13	10	0.008	0.016	0.229	0.17	0.387	0.81	8.9
12-May-13	15	0.013	0.019	0.281	0.04	0.337	0.69	4
12-May-13	20	0.013	0.014	0.374	0.04	0.309	0.75	1.8
12-May-13	25	0.008	0.003	0.551	0.06	0.268	0.89	1.6
12-May-13	30	0.006	0.002	0.577	0.02	0.325	0.93	1.9
12-May-13	35	0.099	0.115	0.092	0.04	0.334	0.68	0.1
12-May-13	39	0.121	0.035	0.062	0.08	0.322	0.62	0.2
19-May-13	1	0.014	0.013	0.217	0.09	0.236	0.57	10.2
19-May-13	3	0.013	0.012	0.208	0.2	0.187	0.62	8.9
19-May-13	5	0.012	0.013	0.21	0.35	0.265	0.85	-
19-May-13	10	0.032	0.015	0.223	0.17	0.23	0.67	6.4
19-May-13	12	0.035	0.02	0.254	0	0.311	0.62	1
19-May-13	15	0.032	0.02	0.276	0.05	0.352	0.73	0.2
19-May-13	20	0.022	0.025	0.34	0.09	0.213	0.69	0.1
19-May-13	25	0.023	0.1	0.326	0.08	0.201	0.73	0.3
19-May-13	30	0.026	0.022	0.445	0.02	0.227	0.74	0.5
19-May-13	35	0.158	0.018	0.015	0.06	0.199	0.45	0.1
19-May-13	39	0.171	0.002	-	0.16	0.157	0.49	0.1
26-May-13	1	0.025	0.012	0.203	0.14	0.28	0.66	6.8
26-May-13	3	0.028	0.013	0.205	0.17	0.264	0.68	7.1
26-May-13	5	0.035	0.014	0.207	0.22	0.234	0.71	7.3
26-May-13	10	0.046	0.017	0.207	0.1	0.28	0.65	7.1
26-May-13	15	0.068	0.056	0.169	0	0.377	0.67	3.3
26-May-13	16	0.068	0.079	0.15	0.29	0.113	0.7	2.4
26-May-13	17	0.075	0.101	0.125	0.06	0.229	0.59	2.1
26-May-13	20	0.06	0.098	0.195	0.12	0.207	0.68	1
26-May-13	25	0.049	0.065	0.309	0	0.167	0.59	0.5
26-May-13	30	0.13	0.022	0.286	0	0.182	0.62	0.5
26-May-13	35	0.244	0.002	-	0	0.344	0.59	0.1
26-May-13	39	0.258	0.002	-	0.04	0.23	0.53	0.1
02-Jun-13	1	0.009	0.018	0.184	0.08	0.339	0.63	9.4
02-Jun-13	3	0.008	0.018	0.181	0.04	0.283	0.53	10.2
02-Jun-13	5	0.01	0.018	0.179	0.14	0.343	0.69	8.1
02-Jun-13	10	0.009	0.018	0.181	0.14	0.322	0.67	8.6
02-Jun-13	11	0.018	0.02	0.181	0.11	0.281	0.61	8.6
02-Jun-13	12	0.037	0.023	0.174	0.07	0.296	0.6	7.7
02-Jun-13	13	0.054	0.027	0.169	0	0.34	0.59	2.6
02-Jun-13	15	0.092	0.064	0.06	0	0.254	0.47	1.2
02-Jun-13	20	0.065	0.105	0.108	0	0.292	0.57	0.8
02-Jun-13	25	0.08	0.073	0.148	0	0.239	0.54	0.4
02-Jun-13	30	0.184	0.007	0.019	0.06	0.23	0.5	0.1
02-Jun-13	35	0.181	0.005	0.012	0	0.302	0.5	0.1
02-Jun-13	39	0.326	0.002	-	0.14	0.072	0.54	0.1
09-Jun-13	1	0.014	0.017	0.147	0.09	0.202	0.47	8.7
09-Jun-13	3	0.015	0.017	0.148	0.16	0.17	0.51	8.6
09-Jun-13	5	0.024	0.018	0.146	0.07	0.222	0.48	8.3
09-Jun-13	10	0.032	0.019	0.15	0.08	0.199	0.48	7.8
09-Jun-13	14	0.101	0.022	0.081	0.09	0.156	0.45	3.2
09-Jun-13	15	0.102	0.019	0.063	0.05	0.156	0.39	2.3
09-Jun-13	16	0.098	0.015	0.052	0.09	0.125	0.38	2
09-Jun-13	20	0.125	0.007	0.009	0.02	0.159	0.32	0.3
09-Jun-13	25	0.127	0.047	0.073	0	0.173	0.42	0.4
09-Jun-13	30	0.271	0.005	0.051	0.01	0.163	0.5	0.1
09-Jun-13	35	0.327	0.002	0.005	0	0.146	0.48	0.1
09-Jun-13	39	0.357	0.002	-	0.03	0.171	0.56	0.1
16-Jun-13	1	0.014	0.014	0.123	0.01	0.179	0.34	8.1
16-Jun-13	3	0.017	0.016	0.12	0.09	0.167	0.41	7.9
16-Jun-13	5	0.016	0.016	0.12	0.16	0.128	0.44	8.1
16-Jun-13	10	0.03	0.017	0.121	0.12	0.122	0.41	7.5
16-Jun-13	13	0.083	0.017	0.125	0.04	0.125	0.39	6
16-Jun-13	14	0.098	0.017	0.11	0.12	0.125	0.47	3.6
16-Jun-13	15	0.134	0.014	0.053	0.13	0.139	0.47	1.5
16-Jun-13	20	0.131	0.002	-	0.08	0.087	0.3	0.1
16-Jun-13	25	0.203	0.002	-	0.07	0.095	0.37	0.1
16-Jun-13	30	0.183	0.015	0.094	0.08	0.088	0.46	0.1
16-Jun-13	35	0.366	0.002	-	0.01	0.122	0.5	0.1
16-Jun-13	39	0.447	0.002	-	0.04	0.111	0.6	0.1
23-Jun-13	1	0.014	0.013	0.084	0.06	0.309	0.48	8.6
23-Jun-13	3	0.013	0.013	0.087	0.03	0.307	0.45	8.5
23-Jun-13	5	0.014	0.013	0.089	0.18	0.224	0.52	8.6
23-Jun-13	10	0.018	0.013	0.095	0.04	0.294	0.46	8
23-Jun-13	15	0.068	0.011	0.084	0.01	0.267	0.44	5.2
23-Jun-13	17	0.107	0.008	0.062	0.08	0.413	0.67	3.4
23-Jun-13	18	0.128	0.005	0.036	0.19	0.231	0.59	1
23-Jun-13	19	0.112	0.004	0.043	0.04	0.341	0.54	2
23-Jun-13	20	0.13	0.002	0.022	0.12	0.266	0.54	0.9
23-Jun-13	25	0.163	0.002	0.01	0.06	0.175	0.41	0.4
23-Jun-13	30	0.323	0.002	0.006	0.14	0.279	0.75	0.1
23-Jun-13	35	0.428	0.002	-	0.09	0.29	0.81	0.1
23-Jun-13	39	0.406	0.002	-	0.21	0.162	0.78	-
30-Jun-13	1	0.009	0.01	0.058	0.1	0.223	0.4	7.7
30-Jun-13	3	0.023	0.01	0.064	0.1	0.253	0.45	6.3
30-Jun-13	5	0.024	0.01	0.063	0.07	0.243	0.41	7.8
30-Jun-13	10	0.041	0.01	0.068	0.1	0.231	0.45	7.2
30-Jun-13	15	0.07	0.009	0.062	0.07	0.229	0.44	5.6
30-Jun-13	17	0.062	0.009	0.064	0.07	0.215	0.42	6
30-Jun-13	18	0.163	0.002	0.015	0.11	0.26	0.55	0.5
30-Jun-13	19	0.187	0.002	-	0.01	0.281	0.48	0.1
30-Jun-13	20	0.182	0.002	-	0	0.296	0.48	0.1
30-Jun-13	25	0.236	0.002	-	0.1	0.202	0.54	0.1
30-Jun-13	30	0.368	0.002	-	0	0.24	0.61	0.1
30-Jun-13	35	0.466	0.002	-	0.02	0.292	0.78	0.1
30-Jun-13	39	0.479	0.002	-	0.04	0.279	0.8	0.1
