Date	Depth	NH4	Nitrit	Nitrate	Norg_par	Norg_dis	Ntot	Oxygen
01-Jan-12	1	0.264	0.007	0.073	0	0.226	0.57	7.7
01-Jan-12	3	0.261	0.006	0.073	0.08	0.12	0.54	7.7
01-Jan-12	5	0.264	0.006	0.075	0.05	0.165	0.56	7.4
01-Jan-12	10	0.264	0.006	0.073	0	0.217	0.56	6.5
01-Jan-12	15	0.265	0.006	0.074	0.03	0.215	0.59	7
01-Jan-12	20	0.266	0.006	0.073	0.18	0.045	0.57	6.6
01-Jan-12	25	0.26	0.006	0.074	0.12	0.13	0.59	7.7
01-Jan-12	30	0.267	0.006	0.075	0.05	0.112	0.51	6.5
01-Jan-12	35	0.266	0.006	0.075	0.03	0.163	0.54	7.1
08-Jan-12	1	0.263	0.011	0.082	0	0.184	0.54	-
08-Jan-12	3	0.263	0.011	0.077	0.03	0.159	0.54	8.2
08-Jan-12	5	0.271	0.011	0.081	0	0.107	0.47	8
08-Jan-12	10	0.263	0.011	0.079	0	0.177	0.53	7.7
08-Jan-12	15	0.271	0.011	0.082	0	0.236	0.6	7.9
08-Jan-12	20	0.266	0.011	0.077	0	0.086	0.44	7.9
08-Jan-12	25	0.276	0.011	0.079	0.01	0.114	0.49	7.6
08-Jan-12	30	0.268	0.011	0.077	0.02	0.114	0.49	7.9
08-Jan-12	35	0.27	0.011	0.08	0.01	0.119	0.49	8
15-Jan-12	1	0.249	0.021	0.094	0.05	0.196	0.61	9.2
15-Jan-12	3	0.25	0.021	0.098	0.03	0.201	0.6	8.8
15-Jan-12	5	0.26	0.021	0.103	0	0.206	0.59	9
15-Jan-12	10	0.248	0.023	0.092	0.11	0.167	0.64	8.8
15-Jan-12	15	0.252	0.022	0.096	0.06	0.17	0.6	8.9
15-Jan-12	20	0.249	0.021	0.105	0.18	0.175	0.73	8.9
15-Jan-12	25	0.247	0.02	0.099	0.06	0.134	0.56	8.8
15-Jan-12	30	0.234	0.017	0.101	0.03	0.128	0.51	8.9
15-Jan-12	35	0.23	0.017	0.101	0.04	0.112	0.5	9.9
22-Jan-12	1	0.214	0.058	0.108	0.08	0.18	0.64	8
22-Jan-12	3	0.221	0.057	0.108	0.02	0.244	0.65	8
22-Jan-12	5	0.214	0.058	0.11	0.06	0.188	0.63	7.3
22-Jan-12	10	0.22	0.059	0.109	0	0.222	0.61	7.3
22-Jan-12	15	0.222	0.059	0.111	0	0.168	0.56	5
22-Jan-12	20	0.211	0.058	0.11	0.1	0.131	0.61	8.7
22-Jan-12	25	0.212	0.054	0.116	0.13	0.098	0.61	6.9
22-Jan-12	30	0.217	0.059	0.115	0.04	0.159	0.59	6.3
22-Jan-12	35	0.202	0.049	0.337	0	0.232	0.82	7
29-Jan-12	1	0.152	0.097	0.126	0.12	0.135	0.63	9.2
29-Jan-12	3	0.153	0.098	0.12	0.04	0.189	0.6	9
29-Jan-12	5	0.152	0.098	0.117	0.08	0.183	0.63	9.3
29-Jan-12	10	0.153	0.1	0.118	0.1	0.169	0.64	9.1
29-Jan-12	15	0.152	0.1	0.117	0.08	0.161	0.61	8.8
29-Jan-12	20	0.153	0.099	0.118	0.06	0.18	0.61	9.1
29-Jan-12	25	0.152	0.098	0.114	0.1	0.166	0.63	9.2
29-Jan-12	30	0.154	0.095	0.116	0.03	0.165	0.56	7.4
29-Jan-12	35	0.184	0.049	0.119	0.05	0.158	0.56	8.9
05-Feb-12	1	0.132	0.096	0.128	0.14	0.114	0.61	9.3
05-Feb-12	3	0.132	0.096	0.129	0.13	0.123	0.61	9.1
05-Feb-12	5	0.134	0.096	0.128	0.08	0.182	0.62	9.6
05-Feb-12	10	0.14	0.097	0.131	0.08	0.162	0.61	9.3
05-Feb-12	15	0.145	0.098	0.133	0	0.154	0.53	8.9
05-Feb-12	20	0.15	0.099	0.134	0.21	0.117	0.71	8.5
05-Feb-12	25	0.151	0.099	0.137	0.11	0.133	0.63	9.1
05-Feb-12	30	0.153	0.091	0.199	0	0.117	0.56	8.4
05-Feb-12	35	0.161	0.08	0.434	0.02	0.155	0.85	8.1
13-Feb-12	1	0.118	0.093	0.187	0.09	0.092	0.58	7.9
13-Feb-12	3	0.121	0.093	0.186	0.05	0.12	0.57	9.6
13-Feb-12	5	0.119	0.093	0.188	0.18	0.1	0.68	8.3
13-Feb-12	10	0.117	0.092	0.191	0.15	0.08	0.63	9.9
13-Feb-12	15	0.119	0.093	0.257	0.09	0.041	0.6	9
13-Feb-12	20	0.121	0.093	0.189	0.07	0.097	0.57	8.9
13-Feb-12	25	0.121	0.094	0.202	0.12	0.053	0.59	9.6
13-Feb-12	30	0.13	0.093	0.203	0.12	0.044	0.59	9.7
13-Feb-12	35	0.123	0.093	0.196	0.15	0.048	0.61	9.9
19-Feb-12	1	0.11	0.078	0.201	0.03	0.161	0.58	9.2
19-Feb-12	3	0.11	0.078	0.201	0.01	0.161	0.56	9
19-Feb-12	5	0.11	0.078	0.196	0.05	0.116	0.55	9.3
19-Feb-12	10	0.11	0.078	0.195	0	0.097	0.48	9
19-Feb-12	15	0.12	0.074	0.196	0	0.16	0.55	8.5
19-Feb-12	20	0.11	0.077	0.198	0.05	0.055	0.49	8.7
19-Feb-12	25	0.11	0.078	0.194	0	0	0.38	10.2
19-Feb-12	30	0.11	0.077	0.208	0.12	0.115	0.63	9.3
19-Feb-12	35	0.11	0.078	0.191	0.11	0.101	0.59	9.1
26-Feb-12	1	0.104	0.049	0.248	0.05	0.149	0.6	10.7
26-Feb-12	3	0.096	0.049	0.244	0.27	0.071	0.73	10.8
26-Feb-12	5	0.096	0.05	0.251	0.23	0.073	0.7	10.6
26-Feb-12	10	0.101	0.049	0.3	0.13	0.1	0.68	10.3
26-Feb-12	15	0.1	0.049	0.244	0.1	0.107	0.6	10.3
26-Feb-12	20	0.086	0.048	0.24	0.21	0.066	0.65	10.2
26-Feb-12	25	0.089	0.048	0.244	0.13	0.089	0.6	10.4
26-Feb-12	30	0.094	0.046	0.247	0.01	0.153	0.55	9.9
26-Feb-12	35	0.09	0.047	0.244	0.1	0.079	0.56	9.8
04-Mar-12	1	0.078	0.025	0.278	0.03	0.249	0.66	9.7
04-Mar-12	3	0.079	0.025	0.282	0	0.244	0.63	9.6
04-Mar-12	5	0.079	0.025	0.28	0	0.206	0.59	9.5
04-Mar-12	10	0.08	0.025	0.279	0	0.286	0.67	8.7
04-Mar-12	15	0.077	0.025	0.277	0	0.161	0.54	9.8
04-Mar-12	20	0.08	0.025	0.279	0.05	0.176	0.61	9.3
04-Mar-12	25	0.085	0.025	0.276	0.07	0.144	0.6	10.1
04-Mar-12	30	0.076	0.025	0.28	0.03	0.119	0.53	9.4
04-Mar-12	35	0.076	0.025	0.278	0.09	0.141	0.61	9.2
11-Mar-12	1	0.005	0.027	0.297	1.07	0.241	1.64	17.8
11-Mar-12	3	0.005	0.027	0.291	0.76	0.307	1.39	17.7
11-Mar-12	5	0.006	0.027	0.284	0.77	0.243	1.33	16.2
11-Mar-12	10	0.008	0.027	0.318	0.25	0.287	0.89	13.3
11-Mar-12	15	0.058	0.011	0.307	0.23	0.184	0.79	9.6
11-Mar-12	20	0.048	0.016	0.32	0.13	0.296	0.81	10.3
11-Mar-12	25	0.069	0.011	0.297	0.05	0.293	0.72	9.7
11-Mar-12	30	0.07	0.011	0.3	0.13	0.189	0.7	9
11-Mar-12	35	0.075	0.013	0.303	0.05	0.249	0.69	9.3
18-Mar-12	1	0.03	0.018	0.344	0.2	0.168	0.76	11.2
18-Mar-12	3	0.028	0.018	0.337	0.27	0.137	0.79	11.5
18-Mar-12	5	0.032	0.018	0.338	0.09	0.252	0.73	10.5
18-Mar-12	10	0.024	0.018	0.341	0.15	0.207	0.74	10.3
18-Mar-12	15	0.03	0.018	0.326	0.21	0.146	0.73	6.9
18-Mar-12	20	0.038	0.017	0.343	0.06	0.102	0.56	10.6
18-Mar-12	25	0.066	0.016	0.339	0.04	0.139	0.6	9.8
18-Mar-12	30	0.076	0.015	0.33	0.05	0.179	0.65	8
18-Mar-12	35	0.069	0.016	0.329	0.01	0.226	0.65	7.5
25-Mar-12	1	0.028	0.018	0.33	0.84	0.094	1.31	-
25-Mar-12	3	0.021	0.018	0.346	0.65	0.085	1.12	-
25-Mar-12	5	0.022	0.019	0.36	0.37	0.069	0.84	12.2
25-Mar-12	10	0.027	0.019	0.354	0.28	0.09	0.77	11.4
25-Mar-12	15	0.041	0.019	0.347	0.1	0.093	0.6	10.9
25-Mar-12	20	0.047	0.019	0.352	0.02	0.142	0.58	10
25-Mar-12	25	0.05	0.02	0.342	0.07	0.098	0.58	10
25-Mar-12	30	0.058	0.026	0.331	0.06	0.105	0.58	8.6
25-Mar-12	35	0.061	0.031	0.358	0.01	0.11	0.57	7.2
01-Apr-12	1	0.034	0.019	0.275	0.53	0.222	1.08	14.4
01-Apr-12	3	0.019	0.019	0.276	0.34	0.246	0.9	14.1
01-Apr-12	5	0.019	0.02	0.314	0.27	0.097	0.72	12.8
01-Apr-12	10	0.024	0.022	0.354	0.1	0.24	0.74	11
01-Apr-12	15	0.038	0.029	0.352	0	0.241	0.66	9.1
01-Apr-12	20	0.036	0.038	0.325	0.05	0.291	0.74	8
01-Apr-12	25	0.032	0.034	0.341	0.01	0.143	0.56	8.4
01-Apr-12	30	0.025	0.026	0.361	0.26	0.168	0.84	8.1
01-Apr-12	35	0.036	0.027	0.348	0.03	0.119	0.56	6.4
15-Apr-12	1	0.009	0.016	0.246	0.69	0.169	1.13	16.6
15-Apr-12	3	0.005	0.016	0.236	0.99	0.153	1.4	17.7
15-Apr-12	5	0.014	0.017	0.272	0.35	0.137	0.79	12.4
15-Apr-12	10	0.025	0.019	0.275	0.33	0.131	0.78	8.2
15-Apr-12	15	0.022	0.01	0.34	0.01	0.158	0.54	5.9
15-Apr-12	20	0.024	0.005	0.361	0.15	0.14	0.68	6.1
15-Apr-12	25	0.013	0.008	0.374	0.08	0.205	0.68	6.1
15-Apr-12	30	0.013	0.006	0.383	0.05	0.168	0.62	6.1
15-Apr-12	35	0.022	0.012	0.376	0	0.21	0.62	5.7
15-Apr-12	38	0.053	0.019	0.327	0.06	0.161	0.62	2.9
22-Apr-12	1	0.01	0.015	0.198	0.55	0.257	1.03	14.6
22-Apr-12	3	0.009	0.017	0.201	0.44	0.233	0.9	12.6
22-Apr-12	5	0.011	0.017	0.212	0.19	0.28	0.71	12.3
22-Apr-12	10	0.01	0.018	0.23	0.08	0.272	0.61	9.3
22-Apr-12	15	0.018	0.017	0.248	0.18	0.247	0.71	7
22-Apr-12	20	0.016	0.017	0.31	0.19	0.197	0.73	4.3
22-Apr-12	25	0.014	0.021	0.315	0.07	0.22	0.64	3.7
22-Apr-12	30	0.016	0.022	0.327	0.06	0.225	0.65	3.6
22-Apr-12	35	0.019	0.023	0.331	0.06	0.157	0.59	3.5
29-Apr-12	1	0.029	0.015	0.219	0.49	0.197	0.95	13.8
29-Apr-12	3	0.025	0.015	0.214	0.49	0.186	0.93	13.7
29-Apr-12	5	0.026	0.015	0.208	0.23	0.211	0.69	13.4
29-Apr-12	10	0.027	0.016	0.21	0.1	0.197	0.55	11.6
29-Apr-12	15	0.039	0.017	0.237	0.09	0.197	0.58	5.5
29-Apr-12	20	0.033	0.013	0.335	0.01	0.169	0.56	3.9
29-Apr-12	25	0.028	0.015	0.355	0.05	0.142	0.59	4.2
29-Apr-12	30	0.041	0.028	0.333	0.03	0.168	0.6	2.4
29-Apr-12	35	0.049	0.026	0.299	0.05	0.156	0.58	1.5
06-May-12	1	0.008	0.014	0.173	1.09	0.105	1.39	12.2
06-May-12	3	0.009	0.014	0.173	0.86	0.064	1.12	11.8
06-May-12	5	0.01	0.014	0.178	0.31	0.078	0.59	11.4
06-May-12	10	0.018	0.017	0.187	0.29	0.058	0.57	6
06-May-12	15	0.023	0.019	0.197	0.12	0.041	0.4	3.8
06-May-12	20	0.022	0.017	0.245	0.07	0.046	0.4	1.9
06-May-12	25	0.01	0.01	0.339	0	0.111	0.47	3.6
06-May-12	30	0.04	0.03	0.293	0	0.107	0.47	1.5
06-May-12	35	0.05	0.04	0.262	0.07	0.038	0.46	0.7
06-May-12	38	0.015	0.013	0.346	0	0.096	0.47	2.9
13-May-12	1	0.021	0.014	0.163	0.82	0.072	1.09	11.3
13-May-12	3	0.021	0.015	0.164	1.74	0.14	2.08	11.5
13-May-12	5	0.02	0.015	0.166	0.78	0.119	1.1	11.3
13-May-12	10	0.02	0.015	0.17	0.24	0.045	0.49	9.5
13-May-12	12	0.037	0.022	0.154	0.087	0	0.3	2
13-May-12	13	0.04	0.025	0.189	0.016	0	0.27	0.7
13-May-12	15	0.034	0.022	0.263	0	0.121	0.44	1.5
13-May-12	20	0.021	0.012	0.332	0.05	0.025	0.44	2.3
13-May-12	25	0.045	0.022	0.311	0.032	0	0.41	2.2
13-May-12	30	0.177	0.002	0.005	0.19	0.006	0.38	0.1
13-May-12	35	0.181	0.002	-	0	0.037	0.22	0.4
13-May-12	38	0.184	0.002	0.005	0.01	0.019	0.22	-
20-May-12	1	0.022	0.014	0.125	0.31	0.249	0.72	10.9
20-May-12	3	0.013	0.014	0.117	0.61	0.186	0.94	11.2
20-May-12	5	0.017	0.015	0.121	0.3	0.177	0.63	10
20-May-12	10	0.017	0.016	0.128	0.08	0.269	0.51	8.8
20-May-12	13	0.043	0.074	0.044	0.12	0.199	0.48	1.9
20-May-12	15	0.06	0.067	0.06	0.07	0.193	0.45	0.4
20-May-12	17	0.041	0.056	0.164	0.08	0.189	0.53	0.2
20-May-12	20	0.02	0.031	0.239	0.11	0.18	0.58	0.5
20-May-12	25	0.04	0.007	0.292	0.03	0.211	0.58	0.9
20-May-12	30	0.151	0.005	0.018	0.1	0.196	0.47	0.2
20-May-12	35	0.165	0.002	-	0.05	0.263	0.48	0.1
20-May-12	38	0.169	0.002	-	0.06	0.219	0.45	0.2
28-May-12	1	0.064	0.015	0.111	0.21	0.3	0.7	7.8
28-May-12	3	0.058	0.015	0.106	0.21	0.371	0.76	7.4
28-May-12	5	0.052	0.015	0.105	0.33	0.288	0.79	7.4
28-May-12	10	0.06	0.015	0.092	0.29	0.253	0.71	5.3
28-May-12	13	0.084	0.012	0.059	0.22	0.275	0.65	2.5
28-May-12	14	0.092	0.008	0.043	0.23	0.227	0.6	1.8
28-May-12	15	0.093	0.004	0.028	0	0.395	0.52	1
28-May-12	20	0.077	0.027	0.088	0.05	0.208	0.45	0.2
28-May-12	25	0.132	0.002	0.01	0.13	0.166	0.44	0.1
28-May-12	30	0.167	0.002	0.005	0.13	0.176	0.48	0.1
28-May-12	35	0.214	0.002	0.005	0	0.339	0.56	0.1
28-May-12	38	0.223	0.002	0.009	0	0.316	0.55	0.1
03-Jun-12	1	0.044	0.012	0.099	0.21	0.255	0.62	8.3
03-Jun-12	3	0.041	0.012	0.094	0.07	0.283	0.5	8.2
03-Jun-12	5	0.035	0.012	0.092	0.2	0.251	0.59	8.2
03-Jun-12	10	0.097	0.011	0.086	0.04	0.266	0.5	4.3
03-Jun-12	11	0.096	0.01	0.069	0	0.255	0.43	2.4
03-Jun-12	12	0.126	0.005	0.031	0.02	0.268	0.45	0.2
03-Jun-12	13	0.117	0.005	0.021	0	0.447	0.59	0.2
03-Jun-12	15	0.12	0.002	0.008	0	0.19	0.32	0.1
03-Jun-12	20	0.083	0.016	0.073	0.06	0.198	0.43	0.1
03-Jun-12	25	0.057	0.016	0.194	0	0.153	0.42	0.2
03-Jun-12	30	0.194	0.002	0.009	0.06	0.195	0.46	0.1
03-Jun-12	35	0.255	0.002	0.007	0	0.226	0.49	0.1
03-Jun-12	38	0.281	0.002	0.016	0	0.201	0.5	0.1
10-Jun-12	1	0.036	0.009	0.07	0.28	0.225	0.62	8.2
10-Jun-12	3	0.04	0.01	0.072	0.18	0.268	0.57	7.8
10-Jun-12	5	0.039	0.01	0.071	0.17	0.28	0.57	6.9
10-Jun-12	10	0.053	0.01	0.072	0.17	0.265	0.57	6
10-Jun-12	13	0.093	0.008	0.064	0.18	0.235	0.58	4
10-Jun-12	14	0.136	0.005	0.042	0.13	0.267	0.58	3
10-Jun-12	15	0.136	0.002	0.019	0.06	0.293	0.51	0.9
10-Jun-12	20	0.133	0.002	0.006	0.11	0.219	0.47	0.1
10-Jun-12	25	0.134	0.002	0.005	0.04	0.219	0.4	0.1
10-Jun-12	30	0.096	0.009	0.087	0	0.258	0.45	0.1
10-Jun-12	35	0.263	0.002	0.009	0.11	0.246	0.63	0.1
10-Jun-12	38	0.321	0.002	0.03	0.03	0.217	0.6	0.1
17-Jun-12	1	0.022	0.01	0.073	0.1	0.185	0.39	9
17-Jun-12	3	0.014	0.008	0.046	0.15	0.192	0.41	9
17-Jun-12	5	0.011	0.008	0.048	0.25	0.173	0.49	9.1
17-Jun-12	10	0.016	0.008	0.051	0.22	0.175	0.47	8.6
17-Jun-12	14	0.096	0.007	0.046	0.07	0.191	0.41	2.5
17-Jun-12	15	0.109	0.005	0.03	0.06	0.186	0.39	1.3
17-Jun-12	16	0.135	0.002	0.017	0.03	0.356	0.54	1.3
17-Jun-12	20	0.138	0.002	-	0.01	0.21	0.36	0.1
17-Jun-12	25	0.144	0.002	-	0	0.154	0.3	0.1
17-Jun-12	30	0.167	0.002	-	0.03	0.151	0.35	0.1
17-Jun-12	35	0.329	0.002	-	0.06	0.169	0.56	0.1
17-Jun-12	38	0.341	0.002	-	0	0.167	0.51	0.1
24-Jun-12	1	0.021	0.003	0.013	0.18	0.213	0.43	9
24-Jun-12	3	0.021	0.003	0.013	0.15	0.233	0.42	8.9
24-Jun-12	5	0.021	0.004	0.01	0.2	0.185	0.42	8.7
24-Jun-12	10	0.022	0.004	0.015	0.19	0.199	0.43	8.2
24-Jun-12	11	0.047	0.005	0.021	0.1	0.207	0.38	4.7
24-Jun-12	12	0.083	0.005	0.023	0.12	0.189	0.42	3.1
24-Jun-12	13	0.119	0.003	0.016	0	0.352	0.49	0.7
24-Jun-12	15	0.155	0.002	0.007	0.07	0.236	0.47	0.1
24-Jun-12	20	0.17	0.002	0.005	0.05	0.243	0.47	0.1
24-Jun-12	25	0.13	0.002	0.011	0	0.227	0.37	0.1
24-Jun-12	30	0.316	0.002	-	0.03	0.202	0.55	0.1
24-Jun-12	35	0.353	0.002	-	0.07	0.195	0.62	0.1
24-Jun-12	38	0.361	0.002	-	0.04	0.247	0.65	0.1
01-Jul-12	1	0.015	0.002	0.01	0.14	0.163	0.33	7.9
01-Jul-12	3	0.009	0.002	0.007	0.2	0.122	0.34	7.8
01-Jul-12	5	0.008	0.002	0.007	0.17	0.103	0.29	7.8
01-Jul-12	10	0.012	0.002	0.009	0.14	0.127	0.29	7.4
01-Jul-12	14	0.094	0.002	0.008	0.25	0.106	0.46	3.4
01-Jul-12	15	0.115	0.002	0.006	0.21	0.067	0.4	2.4
01-Jul-12	16	0.169	0.002	0.005	0.09	0.114	0.38	0.8
01-Jul-12	20	0.183	0.002	-	0.13	0.065	0.38	0.1
01-Jul-12	25	0.16	0.002	-	0.19	0.068	0.42	0.1
01-Jul-12	30	0.395	0.002	-	0.1	0.063	0.56	0.1
01-Jul-12	35	0.406	0.002	-	0.06	0.112	0.58	0.1
01-Jul-12	38	0.407	0.002	-	0.14	0.101	0.65	0.1
08-Jul-12	1	0.025	0.002	0.008	0.16	0.135	0.33	7.4
08-Jul-12	3	0.024	0.002	0.008	0.13	0.186	0.35	7.9
08-Jul-12	5	0.02	0.002	0.005	0.14	0.123	0.29	7
08-Jul-12	10	0.026	0.002	0.006	0.05	0.206	0.29	6.5
08-Jul-12	14	0.128	0.002	0.006	0.11	0.174	0.42	2.1
08-Jul-12	15	0.167	0.002	0.007	0.03	0.214	0.42	0.7
08-Jul-12	16	0.193	0.002	0.007	0.01	0.248	0.46	0.4
08-Jul-12	17	0.201	0.002	0.005	0.01	0.172	0.39	0.1
08-Jul-12	20	0.212	0.002	-	0.01	0.226	0.45	0.1
08-Jul-12	25	0.291	0.002	-	0	0.187	0.48	0.1
08-Jul-12	30	0.339	0.002	-	0.05	0.149	0.54	0.1
08-Jul-12	35	0.415	0.002	-	0.12	0.173	0.71	0.1
08-Jul-12	37	0.413	0.002	-	0.06	0.195	0.67	0.1
15-Jul-12	1	0.005	0.002	0.005	0.12	0.148	0.28	7.6
15-Jul-12	3	0.006	0.002	-	0.09	0.172	0.27	7.6
15-Jul-12	5	0.007	0.002	0.008	0.12	0.163	0.3	7.7
15-Jul-12	10	0.007	0.002	0.005	0.12	0.166	0.3	7.3
15-Jul-12	13	0.124	0.002	0.01	0.09	0.164	0.39	2.9
15-Jul-12	14	0.087	0.002	0.008	0.17	0.133	0.4	0.8
15-Jul-12	15	0.143	0.002	0.011	0	0.304	0.46	1.4
15-Jul-12	20	0.236	0.002	0.005	0.04	0.177	0.46	0.1
15-Jul-12	25	0.319	0.002	-	0	0.199	0.52	0.1
15-Jul-12	30	0.464	0.002	-	0.04	0.184	0.69	0.1
15-Jul-12	35	0.519	0.002	-	0.01	0.149	0.68	0.1
15-Jul-12	38	0.525	0.002	-	0.03	0.243	0.8	0.1
22-Jul-12	1	0.017	0.002	0.005	0.18	0.196	0.4	7.8
22-Jul-12	3	0.006	0.002	-	0.22	0.202	0.43	8
22-Jul-12	5	0.009	0.002	-	0.27	0.159	0.44	7.3
22-Jul-12	10	0.005	0.002	-	0.25	0.203	0.46	7.5
22-Jul-12	14	0.041	0.002	-	0.21	0.157	0.41	3.9
22-Jul-12	15	0.084	0.002	0.006	0.16	0.208	0.46	1.6
22-Jul-12	16	0.22	0.002	-	0.18	0.208	0.61	0.1
22-Jul-12	20	0.28	0.002	-	0.13	0.208	0.62	0.1
22-Jul-12	25	0.298	0.002	-	0.11	0.26	0.67	0.1
22-Jul-12	30	0.487	0.002	-	0.02	0.191	0.7	0.1
22-Jul-12	35	0.497	0.002	-	0	0.201	0.7	0.1
22-Jul-12	38	0.51	0.002	-	0.08	0.228	0.82	0.1
29-Jul-12	1	0.005	0.002	-	0.22	0.133	0.36	7.1
29-Jul-12	3	0.005	0.002	-	0.19	0.153	0.35	7.1
29-Jul-12	5	0.008	0.002	-	0.15	0.17	0.33	7
29-Jul-12	10	0.005	0.002	0.007	0.18	0.156	0.35	6.8
29-Jul-12	13	0.005	0.002	-	0.25	0.153	0.41	6
29-Jul-12	14	0.022	0.002	-	0.15	0.186	0.36	3.8
29-Jul-12	15	0.071	0.002	0.01	0.11	0.197	0.39	1
29-Jul-12	20	0.356	0.002	-	0	0.212	0.57	0.1
29-Jul-12	25	0.308	0.002	-	0.08	0.12	0.51	0.1
29-Jul-12	30	0.544	0.002	-	0.08	0.124	0.75	0.1
29-Jul-12	35	0.585	0.002	-	0.12	0.163	0.87	0.1
29-Jul-12	38	0.585	0.002	-	0.02	0.193	0.8	0.1
05-Aug-12	1	0.011	0.002	0.009	0.1	0.198	0.32	6.9
05-Aug-12	3	0.007	0.002	0.005	0.16	0.196	0.37	6.8
05-Aug-12	5	0.008	0.002	0.006	0.1	0.204	0.32	6.8
05-Aug-12	10	0.013	0.002	0.007	0.18	0.198	0.4	6.6
05-Aug-12	15	0.105	0.002	0.009	0.05	0.254	0.42	2.7
05-Aug-12	16	0.335	0.003	-	0.03	0.212	0.58	0.1
05-Aug-12	17	0.342	0.002	-	0	0.226	0.57	0.1
05-Aug-12	20	0.319	0.002	-	0.01	0.199	0.53	0.1
05-Aug-12	25	0.325	0.002	-	0	0.283	0.61	0.1
05-Aug-12	30	0.576	0.002	-	0.01	0.252	0.84	0.1
05-Aug-12	35	0.646	0.002	-	0.01	0.312	0.97	0.1
05-Aug-12	37	0.656	0.002	-	0.04	0.302	1	0.1
12-Aug-12	1	0.005	0.002	0.012	0.09	0.241	0.35	6.8
12-Aug-12	3	0.005	0.002	0.006	0.11	0.287	0.41	7
12-Aug-12	5	0.005	0.002	0.013	0.06	0.21	0.29	6.9
12-Aug-12	10	0.005	0.002	0.007	0.01	0.296	0.32	6.8
12-Aug-12	13	0.008	0.002	0.01	0.05	0.23	0.3	6.2
12-Aug-12	14	0.033	0.002	0.007	0.12	0.268	0.43	4.9
12-Aug-12	15	0.324	0.002	-	0.12	0.204	0.65	0.1
12-Aug-12	20	0.366	0.004	-	0.01	0.29	0.67	0.1
12-Aug-12	25	0.413	0.002	-	0.34	0.135	0.89	0.1
12-Aug-12	30	0.524	0.002	-	0	0.254	0.78	0.1
12-Aug-12	35	0.642	0.002	-	0.2	0.076	0.92	0.1
19-Aug-12	1	0.01	0.002	0.009	0.08	0.219	0.32	7.2
19-Aug-12	3	0.013	0.002	0.009	0.06	0.186	0.27	7.7
19-Aug-12	5	0.008	0.002	0.008	0.04	0.212	0.27	7.6
19-Aug-12	10	0.003	0.002	0.006	0.03	0.229	0.27	7.3
19-Aug-12	15	0.11	0.002	0.011	0.09	0.217	0.43	2.8
19-Aug-12	16	0.19	0.002	0.009	0.05	0.209	0.46	1.7
19-Aug-12	17	0.27	0.002	0.01	0.02	0.228	0.53	0.1
19-Aug-12	20	0.32	0.002	-	0.1	0.298	0.72	0.1
19-Aug-12	25	0.4	0.002	-	0.03	0.338	0.77	0.1
19-Aug-12	30	0.57	0.002	-	0.02	0.278	0.87	0.1
19-Aug-12	35	0.69	0.002	-	0.07	0.198	0.96	0.1
26-Aug-12	1	0.005	0.002	0.01	0.02	0.303	0.34	7.1
26-Aug-12	3	0.005	0.002	-	0.06	0.273	0.34	7.2
26-Aug-12	5	0.005	0.002	0.01	0.16	0.233	0.41	6.69
26-Aug-12	10	0.005	0.002	-	0.1	0.193	0.3	-
26-Aug-12	13	0.005	0.002	-	0.03	0.293	0.33	6.1
26-Aug-12	14	0.005	0.002	0.048	0.07	0.225	0.35	3.4
26-Aug-12	15	0.04	0.002	0.006	0	0.482	0.53	0.7
26-Aug-12	20	0.152	0.002	-	0.17	0.316	0.64	0.1
26-Aug-12	25	0.34	0.002	-	0.05	0.448	0.84	0.1
26-Aug-12	30	0.531	0.002	-	0	0.327	0.86	0.1
26-Aug-12	35	0.68	0.002	-	0.07	0.248	1	0.1
02-Sep-12	1	0.009	0.002	0.007	0.13	0.232	0.38	7.1
02-Sep-12	3	0.01	0.002	0.014	0.11	0.244	0.38	7.1
02-Sep-12	5	0.014	0.002	0.016	0.02	0.328	0.38	7
02-Sep-12	10	0.009	0.002	-	0.12	0.219	0.35	6.7
02-Sep-12	14	0.065	0.002	-	0.12	0.253	0.44	4.4
02-Sep-12	15	0.237	0.002	0.008	0.07	0.253	0.57	0.2
02-Sep-12	16	0.225	0.002	-	0.07	0.273	0.57	0.8
02-Sep-12	20	0.385	0.002	-	0.01	0.213	0.61	0.1
02-Sep-12	25	0.464	0.002	-	0.02	0.234	0.72	0.1
02-Sep-12	30	0.698	0.002	-	0	0.23	0.93	0.1
02-Sep-12	35	0.81	0.002	-	0.09	0.228	1.13	0.1
09-Sep-12	1	0.005	0.002	0.006	0.12	0.237	0.37	7.3
09-Sep-12	3	0.005	0.002	-	0.15	0.263	0.42	6.6
09-Sep-12	5	0.005	0.002	0.005	0.11	0.238	0.36	7
09-Sep-12	10	0.005	0.002	-	0.12	0.243	0.37	6.8
09-Sep-12	14	0.0316	0.002	-	0.05	0.3064	0.39	6.7
09-Sep-12	15	0.115	0.002	0.009	0.01	0.314	0.45	4.8
09-Sep-12	16	0.179	0.002	-	0.03	0.249	0.46	2.7
09-Sep-12	20	0.367	0.002	-	0.08	0.211	0.66	1.4
09-Sep-12	25	0.434	0.002	-	0.06	0.204	0.7	0.1
09-Sep-12	30	0.81	0.002	-	0	0.078	0.89	0.1
09-Sep-12	35	0.833	0.002	-	0.09	0.165	1.09	0.1
09-Sep-12	37	0.862	0.002	-	0.1	0.126	1.09	0.1
23-Sep-12	1	0.008	0.002	-	0.11	0.18	0.3	7.9
23-Sep-12	3	0.005	0.002	0.005	0.15	0.088	0.25	8.7
23-Sep-12	5	0.007	0.002	-	0.11	0.151	0.27	8.8
23-Sep-12	10	0.005	0.002	-	0.12	0.133	0.26	8.1
23-Sep-12	15	0.09	0.002	-	0.1	0.198	0.39	5.1
23-Sep-12	16	0.127	0.002	-	0.18	0.081	0.39	4.2
23-Sep-12	17	0.256	0.002	-	0.19	0.072	0.52	1.7
23-Sep-12	18	0.465	0.002	-	0.02	0.123	0.61	0.1
23-Sep-12	20	0.442	0.002	-	0	0.126	0.57	0.1
23-Sep-12	25	0.498	0.002	-	0.07	0.11	0.68	0.1
23-Sep-12	30	0.641	0.002	-	0	0.097	0.74	0.1
23-Sep-12	35	0.916	0.002	-	0	0.212	1.13	0.1
23-Sep-12	37	0.977	0.002	-	0.05	0.241	1.27	0.1
09-Oct-12	1	0.011	0.002	0.01	0.01	0.257	0.29	7.8
09-Oct-12	3	0.021	0.002	0.02	0	0.337	0.38	7.8
09-Oct-12	5	0.015	0.002	0.012	0.03	0.241	0.3	7.4
09-Oct-12	10	0.01	0.002	0.01	0.05	0.228	0.3	7.2
09-Oct-12	15	0.011	0.002	0.017	0.12	0.14	0.29	7.2
09-Oct-12	16	0.009	0.002	0.014	0.12	0.165	0.31	7.5
09-Oct-12	17	0.289	0.002	0.015	0.1	0.184	0.59	0.1
09-Oct-12	18	0.336	0.002	-	0.06	0.192	0.59	-
09-Oct-12	20	0.399	0.002	-	0.11	0.139	0.65	0.6
09-Oct-12	25	0.598	0.002	-	0.06	0.1	0.76	0.1
09-Oct-12	30	0.674	0.002	-	0	0.184	0.86	0.1
09-Oct-12	35	1.06	0.002	-	0.07	0.148	1.28	0.1
14-Oct-12	1	0.011	0.002	0.017	0.2	0.09	0.32	8.5
14-Oct-12	3	0.029	0.002	0.029	0.08	0.11	0.25	8.7
14-Oct-12	5	0.023	0.002	0.024	0	0.191	0.24	8.7
14-Oct-12	10	0.014	0.002	0.019	0.02	0.195	0.25	8.4
14-Oct-12	15	0.034	0.002	0.033	0.05	0.181	0.3	8
14-Oct-12	16	0.168	0.002	0.026	0.16	0.054	0.41	3.2
14-Oct-12	17	0.224	0.002	0.026	0.09	0.198	0.54	1.8
14-Oct-12	20	0.436	0.002	-	0.04	0.202	0.68	0.1
14-Oct-12	25	0.411	0.002	-	0	0.217	0.63	0.1
14-Oct-12	30	0.644	0.002	-	0.02	0.094	0.76	0.1
14-Oct-12	35	0.886	0.002	-	0.02	0.222	1.13	0.1
21-Oct-12	1	0.005	0.002	0.007	0.05	0.266	0.33	8.9
21-Oct-12	3	0.006	0.002	-	0.01	0.252	0.27	8.4
21-Oct-12	5	0.005	0.002	-	0.01	0.183	0.2	8.3
21-Oct-12	10	0.005	0.002	-	0	0.193	0.2	8
21-Oct-12	15	0.005	0.002	-	0.01	0.203	0.22	7.9
21-Oct-12	17	0.056	0.002	-	0	0.242	0.3	5.9
21-Oct-12	18	0.142	0.002	-	0.11	0.176	0.43	4.2
21-Oct-12	19	0.41	0.002	-	0	0.328	0.74	-
21-Oct-12	20	0.435	0.002	-	0.02	0.343	0.8	0.1
21-Oct-12	25	0.634	0.002	-	0	0.154	0.79	0.1
21-Oct-12	30	0.78	0.002	-	0.19	0.348	1.32	0.1
21-Oct-12	35	1.11	0.002	-	0.13	0.218	1.46	0.1
28-Oct-12	1	0.031	0.002	0.015	0.19	0.052	0.29	8.2
28-Oct-12	3	0.024	0.002	0.009	0.09	0.135	0.26	7.7
28-Oct-12	5	0.025	0.002	0.011	0.25	0.072	0.36	7.5
28-Oct-12	10	0.027	0.002	0.008	0.26	0.073	0.37	7.7
28-Oct-12	15	0.03	0.002	0.009	0.21	0.099	0.35	7.2
28-Oct-12	18	0.084	0.002	0.01	0.2	0.074	0.37	6.5
28-Oct-12	19	0.54	0.002	-	0.08	0.238	0.86	0.1
28-Oct-12	20	0.399	0.002	-	0.28	0.059	0.74	1.3
28-Oct-12	25	0.572	0.002	-	0.31	0.006	0.89	0.1
28-Oct-12	30	0.681	0.002	-	0.277	0	0.96	0.1
28-Oct-12	35	1.05	0.002	-	0.238	0	1.29	0.1
05-Nov-12	1	0.018	0.002	0.01	0	0.2	0.23	8
05-Nov-12	3	0.016	0.002	0.009	0.04	0.133	0.2	8.1
05-Nov-12	5	0.016	0.002	0.006	0.11	0.136	0.27	8
05-Nov-12	10	0.017	0.002	0.008	0.09	0.113	0.23	7.7
05-Nov-12	15	0.022	0.002	0.009	0.04	0.127	0.2	7.5
05-Nov-12	18	0.024	0.002	0.009	0.07	0.145	0.25	7.8
05-Nov-12	19	0.159	0.002	0.006	0.17	0.103	0.44	4.9
05-Nov-12	20	0.323	0.002	-	0.06	0.205	0.59	2.3
05-Nov-12	25	0.511	0.002	-	0.02	0.067	0.6	0.1
05-Nov-12	30	0.696	0.002	-	0.06	0.042	0.8	0.1
12-Nov-12	1	0.063	0.002	0.02	0.04	0.155	0.28	6.9
12-Nov-12	3	0.066	0.002	0.019	0.07	0.163	0.32	6.8
12-Nov-12	5	0.064	0.002	0.015	0.11	0.149	0.34	6.9
12-Nov-12	10	0.064	0.002	0.017	0.08	0.147	0.31	6.8
12-Nov-12	15	0.063	0.002	0.011	0.07	0.154	0.3	6.7
12-Nov-12	19	0.137	0.002	0.017	0.13	0.134	0.42	0.9
12-Nov-12	20	0.368	0.002	-	0.05	0.23	0.65	1.2
12-Nov-12	21	0.477	0.002	-	0.03	0.201	0.71	0.2
12-Nov-12	25	0.564	0.002	-	0.01	0.174	0.75	0.1
12-Nov-12	30	0.767	0.002	-	0	0.121	0.89	0.1
12-Nov-12	35	1.08	0.002	-	0.07	0.198	1.35	0.1
18-Nov-12	1	0.068	0.002	0.015	0.1	0.035	0.22	7.5
18-Nov-12	3	0.066	0.002	0.014	0.11	0.078	0.27	7.5
18-Nov-12	5	0.069	0.002	0.014	0.13	0.055	0.27	7.3
18-Nov-12	10	0.069	0.002	0.013	0.05	0.106	0.24	-
18-Nov-12	15	0.085	0.002	0.013	0.11	0.04	0.25	7.1
18-Nov-12	19	0.092	0.002	0.012	0.16	0.064	0.33	6.9
18-Nov-12	20	0.227	0.002	0.01	0.03	0.071	0.34	4.5
18-Nov-12	21	0.484	0.002	-	0.14	0.164	0.79	0.2
18-Nov-12	25	0.726	0.002	-	0.32	0.132	1.18	0.1
18-Nov-12	30	1.04	0.002	-	0	0.268	1.31	0.1
18-Nov-12	35	1.27	0.002	-	0	0.128	1.4	0.1
25-Nov-12	1	0.111	0.002	0.016	0.03	0.041	0.2	7
25-Nov-12	3	0.115	0.002	0.018	0.05	0.025	0.21	6.9
25-Nov-12	5	0.117	0.002	0.02	0.05	0.021	0.21	7
25-Nov-12	10	0.115	0.002	0.019	0.07	0.034	0.24	7
25-Nov-12	15	0.116	0.002	0.016	0.07	0.036	0.24	6.9
25-Nov-12	20	0.119	0.002	0.015	0.03	0.034	0.2	6.8
25-Nov-12	21	0.236	0.002	0.019	0.03	0.043	0.33	3.9
25-Nov-12	22	0.41	0.002	-	0.12	0.058	0.59	2.3
25-Nov-12	23	0.623	0.002	-	0.02	0.045	0.69	1
25-Nov-12	25	0.708	0.002	-	0.01	0.03	0.75	0.1
25-Nov-12	30	0.813	0.002	-	0	0	0.77	0.1
25-Nov-12	35	1.18	0.002	-	0.088	0	1.27	0.1
02-Dec-12	1	0.135	0.002	0.021	0.08	0.092	0.33	6.9
02-Dec-12	3	0.136	0.002	0.021	0.09	0.121	0.37	7
02-Dec-12	5	0.136	0.002	0.02	0	0.092	0.25	7
02-Dec-12	10	0.138	0.002	0.02	0.11	0.07	0.34	6.8
02-Dec-12	15	0.141	0.002	0.025	0.04	0.092	0.3	6.8
02-Dec-12	20	0.147	0.002	0.022	0.07	0.129	0.37	6.6
02-Dec-12	22	0.154	0.002	0.021	0.04	0.143	0.36	6.7
02-Dec-12	23	0.462	0.002	0	0	0.086	0.55	4.5
02-Dec-12	24	0.955	0.003	0	0.06	0.092	1.11	0.1
02-Dec-12	25	1	0.006	0	0.02	0.144	1.17	0.1
02-Dec-12	30	1.26	0.002	0	0	0.198	1.46	0.1
02-Dec-12	35	1.49	0.002	0	0.14	0.198	1.83	0.1
09-Dec-12	1	0.17	0.002	0.024	0.1	0.054	0.35	7
09-Dec-12	3	0.177	0.002	0.023	0.06	0.048	0.31	7
09-Dec-12	5	0.174	0.002	0.022	0.02	0.092	0.31	6.7
09-Dec-12	10	0.177	0.002	0.022	0.02	0.089	0.31	6.4
09-Dec-12	15	0.174	0.002	0.021	0	0.113	0.31	6.5
09-Dec-12	20	0.196	0.002	0.026	0	0.046	0.27	6.7
09-Dec-12	23	0.671	0.002	0	0.03	0.197	0.9	0.1
09-Dec-12	24	0.83	0.002	0	0.04	0.238	1.11	0.1
09-Dec-12	25	1.43	0.002	0	0.118	0	1.55	0.1
09-Dec-12	30	1.12	0.002	0	0.108	0	1.23	0.1
09-Dec-12	35	1.48	0.002	0	0	0.228	1.71	0.1
16-Dec-12	1	0.201	0.002	0.024	0.03	0.113	0.37	7.4
16-Dec-12	3	0.2	0.002	0.023	0.1	0.055	0.38	7.1
16-Dec-12	5	0.204	0.002	0.021	0.14	0.053	0.42	7
16-Dec-12	10	0.21	0.002	0.021	0.12	0.077	0.43	7.1
16-Dec-12	15	0.21	0.002	0.018	0.08	0.06	0.37	6.8
16-Dec-12	20	0.233	0.002	0.02	0	0.105	0.36	6.6
16-Dec-12	21	0.55	0.002	0	0.09	0.038	0.68	1.8
16-Dec-12	22	0.755	0.003	0	0.03	0.022	0.81	0.1
16-Dec-12	25	0.815	0.002	0	0.06	0.093	0.97	0.1
16-Dec-12	30	1.14	0.002	0	0.03	0.128	1.3	0.1
16-Dec-12	35	1.46	0.002	0	0.05	0.038	1.55	0.1
23-Dec-12	1	0.249	0.002	0.024	0.08	0.185	0.54	6.1
23-Dec-12	3	0.245	0.003	0.024	0	0.198	0.47	6.1
23-Dec-12	5	0.247	0.002	0.022	0	0.199	0.47	6.2
23-Dec-12	10	0.252	0.002	0.023	0	0.203	0.48	6.1
23-Dec-12	15	0.258	0.002	0.023	0.01	0.177	0.47	6.1
23-Dec-12	19	0.621	0.002	0	0.07	0.197	0.89	0.2
23-Dec-12	20	0.9	0.002	0	0.04	0.168	1.11	0.1
23-Dec-12	21	0.873	0.002	0	0.14	0.255	1.27	0.1
23-Dec-12	25	1.37	0.002	0	0.08	0.188	1.64	0.1
23-Dec-12	30	1.42	0.002	0	0.12	0.138	1.68	0.1
23-Dec-12	35	1.54	0.002	0	0.18	0.118	1.84	0.1
30-Dec-12	1	0.167	0.065	0.074	0.06	0.074	0.44	6.9
30-Dec-12	3	0.176	0.067	0.084	0.03	0.083	0.44	6.9
30-Dec-12	5	0.174	0.066	0.076	0.03	0.044	0.39	7
30-Dec-12	10	0.174	0.066	0.075	0.01	0.065	0.39	6.9
30-Dec-12	15	0.18	0.067	0.075	0	0.048	0.37	6.8
30-Dec-12	20	0.179	0.066	0.086	0	0.089	0.42	6.8
30-Dec-12	25	0.234	0.056	0.069	0.03	0.001	0.39	5.5
30-Dec-12	27	0.453	0.028	0	0	0.149	0.63	3.1
30-Dec-12	28	0.738	0.003	0	0.09	0.129	0.96	0
30-Dec-12	30	1.02	0.007	0	0.14	0.033	1.2	0
30-Dec-12	35	1.29	0.012	0	0.168	0	1.47	0
