Date	Depth	NH4	Nitrit	Nitrate	Norg_par	Norg_dis	Ntot	Oxygen
06/06/10	1	0.006	0.012	0.038	0.18	0.174	0.41	9.3
06/06/10	3	0.008	0.013	0.039	0.14	0.18	0.38	9.5
06/06/10	5	0.008	0.014	0.043	0.22	0.155	0.44	9.2
06/06/10	10	0.009	0.017	0.053	0.2	0.141	0.42	8.4
06/06/10	15	0.026	0.022	0.068	0.17	0.164	0.45	7.7
06/06/10	16	0.049	0.04	0.075	0.17	0.156	0.49	3.7
06/06/10	17	0.07	0.042	0.059	0.09	0.169	0.43	2.4
06/06/10	20	0.098	0.023	0.036	0.17	0.123	0.45	2.4
06/06/10	25	0.207	0.002	0.006	0.01	0.175	0.4	0.1
06/06/10	30	0.393	0.002	-	0	0.185	0.58	0.1
06/06/10	35	0.494	0.002	-	0.03	0.184	0.71	0.1
06/13/10	1	0.023	0.013	0.022	0.06	0.222	0.34	9.4
06/13/10	3	0.017	0.014	0.019	0.04	0.21	0.3	9.4
06/13/10	5	0.009	0.013	0.016	0.1	0.172	0.31	9.5
06/13/10	10	0.014	0.014	0.022	0.07	0.21	0.33	9.2
06/13/10	13	0.021	0.016	0.033	0.01	0.22	0.3	8.5
06/13/10	14	0.016	0.017	0.038	0.07	0.169	0.31	8.3
06/13/10	15	0.067	0.025	0.043	0.07	0.195	0.4	5.1
06/13/10	16	0.098	0.016	0.03	0.06	0.166	0.37	3.5
06/13/10	20	0.197	0.002	0.01	0.01	0.161	0.38	0.5
06/13/10	25	0.229	0.002	0.006	0	0.123	0.36	-
06/13/10	30	0.407	0.002	-	0	0.121	0.53	-
06/13/10	35	0.608	0.002	-	0.03	0.17	0.81	-
06/20/10	1	0.008	0.005	0.01	0.11	0.147	0.28	9.9
06/20/10	3	0.01	0.005	0.008	0.14	0.157	0.32	8.7
06/20/10	5	0.008	0.005	0.008	0.04	0.199	0.26	8.9
06/20/10	10	0.008	0.005	0.012	0.06	0.175	0.26	8.6
06/20/10	13	0.016	0.005	0.012	0.15	0.137	0.32	8
06/20/10	14	0.021	0.008	0.013	0.11	0.188	0.34	6.5
06/20/10	15	0.052	0.008	0.019	0.06	0.181	0.32	5.3
06/20/10	20	0.234	0.002	0.01	0.03	0.124	0.4	0.3
06/20/10	25	0.392	0.002	-	0.07	0.166	0.63	0.1
06/20/10	30	0.563	0.002	-	0.155	0	0.72	0.1
06/20/10	35	0.588	0.002	-	0.1	0.09	0.78	0.1
06/27/10	1	0.035	0.003	0.011	0.09	0.171	0.31	6.8
06/27/10	3	0.036	0.003	0.011	0.1	0.18	0.33	7.1
06/27/10	5	0.038	0.003	0.012	0.07	0.187	0.31	7.5
06/27/10	10	0.031	0.003	0.012	0.09	0.194	0.33	6.7
06/27/10	15	0.041	0.003	0.012	0.09	0.194	0.34	6.5
06/27/10	16	0.153	0.003	0.013	0.08	0.191	0.44	1.2
06/27/10	17	0.138	0.002	0.009	0.06	0.191	0.4	2.8
06/27/10	18	0.226	0.002	0.009	0.09	0.203	0.53	0.1
06/27/10	20	0.254	0.002	0.009	0.03	0.195	0.49	0.1
06/27/10	25	0.321	0.002	-	0.01	0.177	0.51	0.1
06/27/10	30	0.522	0.002	-	0.06	0.246	0.83	0.1
06/27/10	35	0.565	0.002	-	0.01	0.253	0.83	0.1
07/04/10	1	0.027	0.003	0.014	0.03	0.196	0.27	8.1
07/04/10	3	0.021	0.003	0.013	0.06	0.183	0.28	7.4
07/04/10	5	0.026	0.002	0.014	0.07	0.188	0.3	7.7
07/04/10	10	0.041	0.002	0.022	0.04	0.175	0.28	6.8
07/04/10	15	0.078	0.003	0.022	0.08	0.177	0.36	4.9
07/04/10	16	0.11	0.003	0.018	0.06	0.189	0.38	4
07/04/10	17	0.17	0.002	0.005	0.08	0.193	0.45	0.5
07/04/10	18	0.16	0.002	0.01	0.06	0.228	0.46	1
07/04/10	20	0.26	0.002	-	0	0.228	0.49	0.1
07/04/10	25	0.43	0.002	-	0.02	0.178	0.63	0.1
07/04/10	30	0.576	0.002	-	0.03	0.232	0.84	0.1
07/04/10	35	0.69	0.002	-	0.03	0.258	0.98	0.1
07/11/10	1	0.02	0.002	0.009	0.03	0.169	0.23	9
07/11/10	3	0.009	0.002	-	0.07	0.179	0.26	8.9
07/11/10	5	0.008	0.002	-	0.06	0.19	0.26	8.7
07/11/10	10	0.005	0.002	-	0.16	0.163	0.33	8.6
07/11/10	15	0.027	0.002	0.006	0.05	0.165	0.25	4.8
07/11/10	16	0.092	0.002	0.005	0.09	0.171	0.36	1.4
07/11/10	17	0.217	0.002	0.007	0.02	0.204	0.45	0.1
07/11/10	18	0.252	0.002	0.007	0.06	0.229	0.55	0.1
07/11/10	20	0.345	0.002	-	0.04	0.173	0.56	0.1
07/11/10	25	0.35	0.002	-	0.07	0.148	0.57	0.1
07/11/10	30	0.722	0.002	-	0.05	0.136	0.91	0.1
07/11/10	35	0.846	0.002	-	0.03	0.152	1.03	0.1
07/18/10	1	0.011	0.002	0.026	0.02	0.141	0.2	7.3
07/18/10	3	0.011	0.002	0.011	0.02	0.166	0.21	7.3
07/18/10	5	0.008	0.002	0.01	0.04	0.16	0.22	7
07/18/10	10	0.007	0.002	0.011	0.04	0.19	0.25	7.3
07/18/10	15	0.023	0.002	0.012	0.06	0.123	0.22	6
07/18/10	18	0.15	0.002	0.021	0.02	0.157	0.35	1.8
07/18/10	19	0.423	0.002	-	0.05	0.175	0.65	0.1
07/18/10	20	0.277	0.002	-	0	0.191	0.47	0.1
07/18/10	25	0.536	0.002	-	0.02	0.212	0.77	0.1
07/18/10	30	0.67	0.002	-	0.04	0.168	0.88	0.1
07/18/10	35	0.826	0.002	-	0.04	0.202	1.07	0.1
07/25/10	1	0.012	0.002	-	0.04	0.186	0.24	7.2
07/25/10	3	0.021	0.002	0.006	0.15	0.161	0.34	6.9
07/25/10	5	0.017	0.002	0.006	0.07	0.135	0.23	6.7
07/25/10	10	0.014	0.002	0.009	0	0.195	0.22	6.6
07/25/10	15	0.02	0.002	0.008	0.04	0.15	0.22	6.4
07/25/10	16	0.06	0.002	0.009	0.05	0.129	0.25	5
07/25/10	17	0.073	0.002	0.009	0.07	0.096	0.25	4
07/25/10	18	0.234	0.002	0.007	0.09	0.147	0.48	0.1
07/25/10	20	0.283	0.002	0.007	0.07	0.128	0.49	0.1
07/25/10	25	0.569	0.002	-	0	0.149	0.72	0.1
07/25/10	30	0.605	0.002	-	0.05	0.123	0.78	0.1
07/25/10	35	0.882	0.002	-	0	0.146	1.03	0.1
08/01/10	1	0.008	0.002	0.007	0.16	0.123	0.3	8.1
08/01/10	3	0.01	0.002	0.012	0.12	0.116	0.26	8.2
08/01/10	5	0.006	0.002	0.005	0.16	0.097	0.27	7.8
08/01/10	10	0.006	0.002	0.007	0.15	0.095	0.26	6.7
08/01/10	15	0.022	0.002	0.015	0.09	0.121	0.25	5.7
08/01/10	17	0.061	0.002	0.01	0.1	0.127	0.3	4
08/01/10	18	0.142	0.002	0.009	0.1	0.127	0.38	0.7
08/01/10	19	0.225	0.002	0.006	0.13	0.127	0.49	0.1
08/01/10	20	0.281	0.002	0.005	0.11	0.112	0.51	0.1
08/01/10	25	0.539	0.002	-	0.1	0.089	0.73	0.1
08/01/10	30	0.859	0.002	-	0.09	0.209	1.16	0.1
08/01/10	35	0.922	0.002	-	0.11	0.176	1.21	0.1
08/08/10	1	0.081	0.002	0.004	0	0.163	0.25	8.3
08/08/10	3	0.01	0.002	-	0.04	0.158	0.21	8.2
08/08/10	5	0.012	0.002	-	0.07	0.136	0.22	8.3
08/08/10	10	0.012	0.002	0.005	0.04	0.151	0.21	8.3
08/08/10	15	0.019	0.002	0.005	0.07	0.124	0.22	5.3
08/08/10	17	0.046	0.002	0.005	0.04	0.147	0.24	3.3
08/08/10	18	0.077	0.002	0.005	0.06	0.116	0.26	2
08/08/10	19	0.255	0.002	-	0.04	0.123	0.42	0.1
08/08/10	20	0.229	0.002	-	0.17	0.079	0.48	0.1
08/08/10	25	0.644	0.002	-	0.06	0.144	0.85	0.1
08/08/10	30	0.916	0.002	-	0	0.172	1.09	0.1
08/08/10	35	1.04	0.002	-	0.18	0.128	1.35	0.1
08/15/10	1	0.014	0.002	0.025	0	0.119	0.16	8
08/15/10	3	0.01	0.002	0.008	0.04	0.13	0.19	8
08/15/10	5	0.007	0.002	0.007	0.07	0.084	0.17	7.7
08/15/10	10	0.008	0.002	0.009	0.09	0.081	0.19	7.6
08/15/10	15	0.005	0.002	0.007	0.06	0.086	0.16	6.9
08/15/10	16	0.005	0.002	0.009	0.07	0.084	0.17	4.2
08/15/10	17	0.034	0.002	0.006	0.16	0.058	0.26	2.2
08/15/10	18	0.154	0.002	0.008	0.24	0.056	0.46	0.5
08/15/10	20	0.447	0.002	0.006	0.19	0.025	0.67	0.1
08/15/10	25	0.701	0.002	-	0.167	0	0.87	0.1
08/15/10	30	1	0.002	-	0.128	0	1.13	0.1
08/15/10	35	1.19	0.002	-	0.208	0	1.4	0.1
08/22/10	1	0.022	0.002	-	0	0.246	0.27	7.7
08/22/10	3	0.013	0.002	-	0.02	0.235	0.27	7
08/22/10	5	0.019	0.002	-	0	0.219	0.24	7.6
08/22/10	10	0.024	0.002	-	0.03	0.224	0.28	6.3
08/22/10	15	0.023	0.002	-	0.06	0.205	0.29	-
08/22/10	16	0.026	0.002	-	0	0.212	0.24	1.2
08/22/10	17	0.096	0.002	-	0.1	0.202	0.4	0.5
08/22/10	18	0.054	0.002	-	0.05	0.244	0.35	0.3
08/22/10	20	0.398	0.002	-	0.04	0.19	0.63	0.1
08/22/10	25	0.644	0.002	-	0	0.164	0.81	0.1
08/22/10	30	0.737	0.002	-	0.13	0.151	1.02	0.1
08/22/10	35	1.24	0.002	-	0.08	0.168	1.49	0.1
08/29/10	1	0.014	0.002	0.018	0.11	0.136	0.28	6.9
08/29/10	3	0.008	0.002	0.016	0.1	0.144	0.27	6.7
08/29/10	5	0.009	0.002	0.017	0.11	0.132	0.27	6.6
08/29/10	10	0.005	0.002	0.014	0.13	0.179	0.33	6.6
08/29/10	15	0.005	0.002	0.014	0.14	0.169	0.33	4.8
08/29/10	16	0.035	0.002	0.012	0.1	0.231	0.38	0.7
08/29/10	17	0.032	0.002	0.014	0.11	0.182	0.34	0.2
08/29/10	20	0.118	0.002	-	0.13	0.43	0.68	0.1
08/29/10	25	0.2	0.002	-	0.07	0.698	0.97	0.1
08/29/10	30	0.379	0.002	-	0.28	0.899	1.56	0.1
08/29/10	35	0.518	0.002	-	0.11	0.93	1.56	0.1
09/05/10	1	0.015	0.002	0.008	0	0.245	0.27	7.2
09/05/10	3	0.012	0.002	0.01	0.04	0.256	0.32	7
09/05/10	5	0.011	0.002	0.008	0.04	0.189	0.25	7.1
09/05/10	10	0.019	0.002	0.009	0.02	0.18	0.23	6.7
09/05/10	15	0.105	0.002	0.009	0.14	0.194	0.45	0.1
09/05/10	16	0.041	0.002	0.009	0.09	0.218	0.36	2.9
09/05/10	17	0.127	0.002	0.012	0.08	0.239	0.46	0.2
09/05/10	20	0.346	0.002	-	0.1	0.272	0.72	0.1
09/05/10	25	0.838	0.002	-	0	0.22	1.06	0.1
09/05/10	30	1.06	0.002	-	0.29	0.288	1.64	0.1
09/05/10	35	1.37	0.002	-	0.17	0.258	1.8	0.1
09/12/10	1	0.004	0.002	-	0.09	0.164	0.26	6.7
09/12/10	3	0.012	0.002	0.007	0.07	0.269	0.36	6.8
09/12/10	5	0.006	0.002	-	0.01	0.202	0.22	6.8
09/12/10	10	0.007	0.002	-	0.08	0.171	0.26	6.7
09/12/10	14	0.011	0.002	-	0.05	0.147	0.21	6.4
09/12/10	15	0.024	0.002	-	0.02	0.184	0.23	3.3
09/12/10	16	0.06	0.002	-	0.09	0.158	0.31	2.6
09/12/10	20	0.36	0.002	-	0.23	0.228	0.82	0.1
09/12/10	25	0.651	0.002	-	0.01	0.297	0.96	0.1
09/12/10	30	0.942	0.002	-	0.04	0.376	1.36	0.1
09/12/10	35	1.44	0.002	-	0.19	0.248	1.88	0.1
09/19/10	1	0.15	0.002	0.006	0	0.182	0.34	6.9
09/19/10	3	0.016	0.002	0.004	0.07	0.218	0.31	6.9
09/19/10	5	0.027	0.002	0.004	0.11	0.207	0.35	6.9
09/19/10	10	0.04	0.002	0.005	0.11	0.163	0.32	-
09/19/10	15	0.032	0.002	0.004	0.12	0.172	0.33	6.7
09/19/10	16	0.054	0.002	0.005	0.14	0.189	0.39	3.3
09/19/10	17	0.093	0.002	0.005	0.07	0.25	0.42	3.3
09/19/10	20	0.49	0.002	-	0.14	0.218	0.85	0.1
09/19/10	25	0.83	0.002	-	0.04	0.188	1.06	0.1
09/19/10	30	1.16	0.002	-	0.03	0.188	1.38	0.1
09/19/10	35	1.43	0.0124	-	0.05	0.0376	1.53	0.1
10/03/10	1	0.078	0.002	0.013	0	0.237	0.33	6.9
10/03/10	3	0.013	0.002	0.012	0.02	0.203	0.25	8.2
10/03/10	5	0.009	0.002	0.013	0.08	0.206	0.31	8.2
10/03/10	10	0.011	0.002	0.014	0.06	0.203	0.29	7.4
10/03/10	15	0.067	0.002	0.032	0.25	0.219	0.57	4.1
10/03/10	17	0.112	0.002	0.029	0.06	0.217	0.42	2.7
10/03/10	18	0.159	0.002	0.013	0.1	0.176	0.45	0.2
10/03/10	19	0.186	0.002	0.014	0.08	0.258	0.54	0.8
10/03/10	20	0.192	0.002	0.013	0.14	0.243	0.59	0.1
10/03/10	25	0.771	0.002	-	0.09	0.247	1.11	0.1
10/03/10	30	1.14	0.002	-	0.08	0.228	1.45	0.1
10/03/10	35	1.52	0.002	-	0.19	0.218	1.93	0.1
10/10/10	1	0.014	0.002	0.013	0.1	0.141	0.27	7.1
10/10/10	3	0.012	0.002	0.012	0.09	0.134	0.25	7.3
10/10/10	5	0.012	0.002	0.012	0.05	0.164	0.24	7.1
10/10/10	10	0.011	0.002	0.01	0.09	0.127	0.24	6.6
10/10/10	15	0.012	0.002	0.011	0.47	0.125	0.62	6.9
10/10/10	18	0.035	0.002	0.011	0.06	0.162	0.27	3.8
10/10/10	19	0.131	0.002	0.005	0.13	0.162	0.43	1.4
10/10/10	20	0.392	0.002	-	0.1	0.216	0.71	0.1
10/10/10	25	0.822	0.002	-	0.15	0.116	1.09	0.1
10/10/10	30	1.23	0.002	-	0.07	0.138	1.44	0.1
10/10/10	35	1.81	0.002	-	0.18	0.068	2.06	0.1
10/17/10	1	0.144	0.002	0.012	0	0.242	0.4	8.1
10/17/10	3	0.02	0.002	0.004	0.04	0.264	0.33	8
10/17/10	5	0.013	0.002	0.009	0.09	0.216	0.33	8
10/17/10	10	0.015	0.002	0.004	0.02	0.239	0.28	7.7
10/17/10	15	0.046	0.002	0.019	0	0.243	0.31	6.3
10/17/10	19	0.16	0.002	0.031	0	0.247	0.44	1.9
10/17/10	20	0.26	0.002	0.022	0.03	0.276	0.59	0.1
10/17/10	21	0.48	0.002	-	0.13	0.258	0.87	0.1
10/17/10	25	0.9	0.002	-	0	0.248	1.15	0.1
10/17/10	30	1.29	0.002	-	0	0.278	1.57	0.1
10/17/10	35	1.67	0.002	-	0.15	0.248	2.07	0.1
10/24/10	1	0.019	0.002	0.021	0.08	0.158	0.28	5.9
10/24/10	3	0.018	0.002	0.021	0.15	0.129	0.32	6.5
10/24/10	5	0.017	0.002	0.019	0.12	0.112	0.27	6.5
10/24/10	10	0.023	0.002	0.021	0.24	0.104	0.39	6.3
10/24/10	15	0.021	0.002	0.02	0.1	0.097	0.24	6.3
10/24/10	19	0.024	0.002	0.022	0.11	0.162	0.32	6.3
10/24/10	20	0.098	0.002	0.016	0.37	0.104	0.59	1.7
10/24/10	21	0.383	0.002	-	0.11	0.225	0.72	0.1
10/24/10	25	0.769	0.004	-	0.41	0.197	1.38	0.1
10/24/10	30	1.35	0.002	-	0.33	0.138	1.82	0.1
10/24/10	35	1.97	0.002	-	0.21	0.308	2.49	0.1
10/31/10	1	0.046	0.002	0.012	0	0.17	0.23	6.2
10/31/10	3	0.028	0.002	0.013	0.02	0.147	0.21	6.4
10/31/10	5	0.028	0.002	0.013	0.06	0.187	0.29	6.9
10/31/10	10	0.032	0.002	0.013	0.06	0.163	0.27	6.8
10/31/10	15	0.033	0.002	0.012	0.04	0.143	0.23	6.9
10/31/10	18	0.047	0.002	0.012	0.08	0.109	0.25	6.2
10/31/10	19	0.15	0.002	0.011	0	0.167	0.33	4.2
10/31/10	20	0.612	0.002	-	0.04	0.206	0.86	2.4
10/31/10	25	0.831	0.009	-	0.08	0.1	1.02	0.1
10/31/10	30	1.1	0.002	-	0.23	0.148	1.48	0.1
10/31/10	35	1.54	0.002	-	0.09	0.128	1.76	0.1
11/07/10	1	0.037	0.002	0.016	0.03	0.155	0.24	6.3
11/07/10	3	0.033	0.002	0.016	0.02	0.169	0.24	6.6
11/07/10	5	0.032	0.002	0.014	0.06	0.162	0.27	6.8
11/07/10	10	0.033	0.002	0.014	0.02	0.161	0.23	6.3
11/07/10	15	0.034	0.002	0.013	0.03	0.161	0.24	4.9
11/07/10	20	0.038	0.002	0.014	0.12	0.126	0.3	6.1
11/07/10	21	0.342	0.002	-	0.4	0.206	0.95	5.2
11/07/10	22	0.659	0.002	-	0.54	0.179	1.38	0.1
11/07/10	25	1.14	0.002	-	0.03	0.208	1.38	0.1
11/07/10	30	1.3	0.002	-	0.07	0.118	1.49	0.1
11/07/10	35	1.51	0.002	-	0.04	0.218	1.77	0.1
11/15/10	1	0.041	0.002	0.02	0.09	0.077	0.23	7.6
11/15/10	3	0.03	0.002	0.019	0	0.149	0.2	7.6
11/15/10	5	0.03	0.002	0.022	0.11	0.106	0.27	7.5
11/15/10	10	0.035	0.002	0.021	0.1	0.112	0.27	7.5
11/15/10	15	0.052	0.002	0.021	0.06	0.095	0.23	7.3
11/15/10	20	0.08	0.002	0.019	0	0.129	0.23	7.1
11/15/10	21	0.259	0.002	0.015	0.07	0.104	0.45	5
11/15/10	22	0.368	0.002	-	0.26	0.09	0.72	3
11/15/10	25	0.915	0.003	-	0	0.122	1.04	0.1
11/15/10	30	1.59	0.002	-	0	0	1.59	0.1
11/15/10	35	2.33	0.025	-	0.105	0	2.46	0.1
11/21/10	1	0.038	0.002	0.048	0	0.122	0.21	7.4
11/21/10	3	0.034	0.002	0.043	0.08	0.121	0.28	7
11/21/10	5	0.035	0.002	0.043	0.06	0.1	0.24	7.2
11/21/10	10	0.037	0.002	0.046	0.01	0.115	0.21	7.1
11/21/10	15	0.055	0.002	0.05	0.03	0.133	0.27	7.2
11/21/10	20	0.057	0.002	0.054	0.04	0.107	0.26	7
11/21/10	21	0.064	0.002	0.056	0.01	0.148	0.28	6.4
11/21/10	22	0.307	0.002	-	0.04	0.181	0.53	0.1
11/21/10	23	0.604	0.002	-	0.07	0.164	0.84	0.2
11/21/10	25	0.809	0.002	-	0.03	0.279	1.12	0.1
11/21/10	30	1.44	0.002	-	0	0.388	1.83	0.1
11/21/10	35	2.21	0.002	-	0.418	0	2.63	0.1
11/28/10	1	0.038	0.003	0.028	0	0.191	0.26	6.8
11/28/10	3	0.042	0.002	0.028	0.02	0.168	0.26	7.6
11/28/10	5	0.036	0.002	0.026	0.06	0.136	0.26	7.8
11/28/10	10	0.039	0.002	0.026	0.03	0.163	0.26	7.4
11/28/10	15	0.042	0.002	0.024	0.06	0.132	0.26	7
11/28/10	20	0.053	0.002	0.024	0.04	0.171	0.29	7
11/28/10	22	0.052	0.002	0.024	0.04	0.162	0.28	7.1
11/28/10	23	0.421	0.002	-	0.02	0.337	0.78	3.8
11/28/10	24	0.704	0.002	-	0.07	0.234	1.01	0.1
11/28/10	25	0.849	0.002	-	0	0.209	1.06	0.1
11/28/10	30	1.37	0.002	-	0	0.258	1.63	0.1
11/28/10	35	2.03	0.002	-	0.11	0.278	2.42	0.1
12/05/10	1	0.087	0.003	0.049	0.04	0.131	0.31	5.7
12/05/10	3	0.087	0.002	0.048	0.08	0.113	0.33	6.7
12/05/10	5	0.094	0.003	0.045	0.11	0.118	0.37	7.2
12/05/10	10	0.095	0.002	0.045	0	0.118	0.26	6.8
12/05/10	15	0.09	0.002	0.042	0.07	0.086	0.29	5
12/05/10	20	0.088	0.003	0.04	0.13	0.109	0.37	4.7
12/05/10	24	0.45	0.002	-	0.27	0.078	0.8	2.5
12/05/10	25	0.9	0.002	-	0.32	0.168	1.39	0.1
12/05/10	26	1.22	0.002	-	0.25	0.118	1.59	0.1
12/05/10	30	1.49	0.002	-	0.21	0.078	1.78	0.1
12/05/10	35	2.41	0.002	-	0.018	0	2.43	0.1
12/14/10	1	0.163	0.003	0.046	0.22	0.178	0.61	7
12/14/10	3	0.175	0.003	0.044	0.06	0.268	0.55	5.8
12/14/10	5	0.177	0.003	0.044	0.01	0.266	0.5	6.3
12/14/10	10	0.195	0.003	0.042	0.05	0.26	0.55	-
12/14/10	15	0.2	0.002	0.041	0.03	0.257	0.53	6
12/14/10	20	0.137	0.003	0.044	0	0.286	0.47	7.3
12/14/10	25	0.35	0.002	0.034	0.09	0.194	0.67	3.2
12/14/10	30	0.215	0.002	0.043	0.08	0.2	0.54	6.3
12/14/10	35	0.207	0.003	0.042	0.1	0.258	0.61	5.4
12/19/10	1	0.181	0.004	0.057	0.05	0.148	0.44	6.5
12/19/10	3	0.189	0.004	0.052	0.05	0.155	0.45	6.5
12/19/10	5	0.183	0.004	0.05	0.07	0.153	0.46	6.3
12/19/10	10	0.193	0.003	0.053	0.07	0.151	0.47	6.1
12/19/10	15	0.186	0.003	0.052	0.08	0.129	0.45	6
12/19/10	20	0.188	0.004	0.051	0.09	0.217	0.55	6.2
12/19/10	25	0.188	0.003	0.05	0.13	0.159	0.53	6.3
12/19/10	28	0.213	0.004	0.049	0.03	0.244	0.54	5.5
12/19/10	29	0.259	0.004	0.039	0.15	0.258	0.71	4
12/19/10	30	0.453	0.002	0.018	0.1	0.167	0.74	1.7
12/19/10	35	2.54	0.002	-	0.35	0.078	2.97	0.1
12/26/10	1	0.369	0.004	0.054	0.01	0.193	0.63	5
12/26/10	3	0.191	0.004	0.052	0.08	0.203	0.53	6.9
12/26/10	5	0.192	0.004	0.054	0.03	0.25	0.53	-
12/26/10	10	0.194	0.004	0.053	0.03	0.219	0.5	6.8
12/26/10	15	0.202	0.004	0.054	0.07	0.21	0.54	6.5
12/26/10	20	0.206	0.005	0.055	0.08	0.194	0.54	6.3
12/26/10	25	0.217	0.004	0.058	0	0.221	0.5	5.9
12/26/10	30	0.221	0.004	0.06	0	0.225	0.51	6.1
12/26/10	32	0.212	0.004	0.059	0.07	0.175	0.52	6.6
12/26/10	33	1.45	0.007	-	0.08	0.253	1.79	0.1
12/26/10	34	1.97	0.018	-	0.14	0.352	2.48	0.1
12/26/10	35	2.47	0.014	-	0.34	0.106	2.93	0.1
								
								
								
								
								
								
								
								
								
								
								
								
								
								
								
								
								
								
								
								
								
								
								
								
								
								
								
								
								
								
								
								
								
								
								
								
								
								
								
								
								
								
								
								
								
								
								
								
								
								
								
								
								
								
								
								
								
								
								
								
								
								
								
								
								
								
								
								
								
								
								
								
								
								
								
								
								
								
								
								
								
								
								
								
								
								
								
								
								
								
								
								
								
								
								
								
								
								
								
								
								
								
								
								
								
								
								
								
								
								
								
								
								
								
								
								
								
								
								
								
								
								
								
								
								
								
								
								
								
								
								
								
								
								
								
								
								
								
								
								
								
								
								
								
								
								
								
								
								
								
								
								
								
								
								
								
								
								
								
								
								
								
								
								
								
								
								
								
								
								
								
								
								
								
								
								
								
								
								
								
								
								
								
								
								
								
								
								
								
								
								
								
								
								
								
								
								
								
								
								
								
								
								
								
								
								
								
								
								
								
								
								
								
								
								
								
								
								
								
								
								
								
								
								
								
								
								
								
								
								
								
								
								
								
								
								
								
								
								
								
								
								
								
								
								
								
								
								
								
								
								
								
								
								
								
								
								
								
								
								
								
								
								
								
								
								
								
								
								
								
								
								
								
								
								
								
								
								
								
								
								
								
								
								
								
								
								
								
								
								
								
								
								
								
								
								
								
								
								
								
								
								
								
								
								
								
								
								
								
								
								
								
								
								
								
								
								
								
								
								
								
								
								
								
								
								
								
								
								
								
								
								
								
								
								
								
								
								
								
								
								
								
								
								
								
								
								
								
								
								
								
								
								
								
								
								
								
								
								
								
								
								
								
								
								
								
								
								
								
								
								
								
								
								
								
								
								
								
								
								
								
								
								
								
								
								
								
								
								
								
								
								
								
								
								
								
								
								
								
								
								
								
								
								
								
								
								
								
								
								
								
								
								
								
								
								
								
								
								
								
								
								
								
								
								
								
								
								
								
								
								
								
								
								
								
								
								
								
								
								
								
								
								
								
								
								
								
								
								
								
								
								
								
								
								
								
								
								
								
								
								
								
								
								
								
								
								
								
								
								
								
								
								
								
								
								
								
								
								
								
								
								
								
								
								
								
								
								
								
								
								
								
								
								
								
								
								
								
								
								
								
								
								
								
								
								
								
								
								
								
								
								
								
								
								
								
								
								
								
								
								
								
								
								
								
								
								
								
								
								
								
								
								
								
								
								
								
								
								
								
								
								
								
								
								
								
								
								
								
								
								
								
								
								
								
								
								
								
								
								
								
								
								
								
								
								
								
								
								
								
								
								
								
								
								
								
								
								
								
								
								
								
								
								
								
								
								
								
								
								
								
								
								
								
								
								
								
								
								
								
								
								
								
								
								
								
								
								
								
								
								
								
								
								
								
								
								
								
								
								
								
								
								
								
								
								
								
								
								
								
								
								
								
								
								
								
								
								
								
								
								
								
								
								
								
								
								
								
								
								
								
								
								
								
								
								
								
								
								
								
								
								
								
								
								
								
								
								
								
								
								
								
								
								
								
								
								
								
								
								
								
								
								
								
								
								
								
								
								
								
								
								
								
								
								
								
								
								
								
								
								
								
								
								
								
								
								
								
								
								
								
								
								
								
								
								
								
								
								
								
								
								
								
								
								
								
								
								
								
								
								
								
								
								
								
								
								
								
								
								
								
								
								
								
								
								
								
								
								
								
								
								
								
								
								
								
								
								
								
								
								
								
								
								
								
								
								
								
								
								
								
								
								
								
								
								
								
								
								
								
								
								
								
								
								
								
								
								
								
								
								
								
								
								
								
								
								
								
								
								
								
								
								
								
								
								
								
								
								
								
								
								
								
								
								
								
								
								
								
								
								
								
								
								
								
								
								
								
								
								
								
								
								
								
								
								
								
								
								
								
								
								
								
								
								
								
								
								
								
								
								
								
								
								
								
								
								
								
								
								
								
								
								
								
								
								
								
								
								
								
								
								
								
								
								
								
								
								
								
								
								
								
								
								
								
								
								
								
								
								
								
								
								
								
								
								
								
								
								
								
								
								
								
								
								
								
								
								
								
								
								
								
								
								
								
								
								
								
								
								
								
								
								
								
								
								
								
								
								
								
								
								
								
								
								
								
								
								
								
								
								
								
								
								
								
								
								
								
								
								
								
								
								
								
								
								
								
								
								
								
								
								
								
								
								
								
								
								
								
								
								
								
								
								
								
								
								
								
								
								
								
								
								
								
								
								
								
								
								
								
								
								
								
								
								
								
								
								
								
								
								
								
								
								
								
								
								
								
								
								
								
								
								
								
								
								
								
								
								
								
								
								
								
								
								
								
								
								
								
								
								
								
								
								
								
								
								
								
								
								
								
								
								
								
								
								
								
								
								
								
								
								
								
								
								
								
								
								
								
								
								
								
								
								
								
								
								
								
								
								
								
								
								
								
								
								
								
								
								
								
								
								
								
								
								
								
								
								
								
								
								
								
								
								
								
								
								
								
								
								
								
								
								
								
								
								
								
								
								
								
								
								
								
								
								
								
								
								
								
								
								
								
								
								
								
								
								
								
								
								
								
								
								
								
								
								
								
								
								
								
								
								
								
								
								
								
								
								
								
								
								
								
								
								
								
								
								
								
								
								
								
								
								
								
								
								
								
								
								
								
								
								
								
								
								
								
								
								
								
								
								
								
								
								
								
								
								
								
								
								
								
								
								
								
								
								
								
								
								
								
								
								
								
								
								
								
								
								
								
								
								
								
								
								
								
								
								
								
								
								
								
								
								
								
								
								
								
								
								
								
								
								
								
								
								
								
								
								
								
								
								
								
								
								
								
								
								
								
								
								
								
								
								
								
								
								
								
								
								
								
								
								
								
								
								
								
								
								
								
								
								
								
								
								
								
								
								
								
								
								
								
								
								
								
								
								
								
								
								
								
								
								
								
								
								
								
								
								
								
								
								
								
								
								
								
								
								
								
								
								
								
								
								
